i	j	b_idx	d[nm]	k[kJ/mol/nm^2]
1	2	0	0.4998	8033.0000
2	3	1	0.5178	8033.0000
3	4	2	0.4639	8033.0000
4	5	3	0.5833	8033.0000
5	6	4	0.5067	8033.0000
6	7	5	0.4456	8033.0000
7	8	6	0.3468	8033.0000
8	9	7	0.3305	8033.0000
9	10	8	0.3964	8033.0000
10	11	9	0.5368	8033.0000
11	12	10	0.4378	8033.0000
12	13	11	0.4886	8033.0000
13	14	12	0.4451	8033.0000
14	15	13	0.4458	8033.0000
15	16	14	0.2960	8033.0000
16	17	15	0.3915	8033.0000
17	18	16	0.3956	8033.0000
18	19	17	0.5241	8033.0000
19	20	18	0.5225	8033.0000
20	21	19	0.4455	8033.0000
21	22	20	0.4662	8033.0000
22	23	21	0.5564	8033.0000
23	24	22	0.3966	8033.0000
24	25	23	0.3875	8033.0000
25	26	24	0.4417	8033.0000
26	27	25	0.3800	8033.0000
27	28	26	0.3800	8033.0000
28	29	27	0.3800	8033.0000
29	30	28	0.3800	8033.0000
30	31	29	0.3800	8033.0000
31	32	30	0.3800	8033.0000
32	33	31	0.3800	8033.0000
33	34	32	0.6046	8033.0000
34	35	33	0.4543	8033.0000
35	36	34	0.5866	8033.0000
36	37	35	0.6003	8033.0000
37	38	36	0.5984	8033.0000
38	39	37	0.5804	8033.0000
39	40	38	0.5913	8033.0000
40	41	39	0.5365	8033.0000
41	42	40	0.4387	8033.0000
42	43	41	0.3372	8033.0000
43	44	42	0.5184	8033.0000
44	45	43	0.3729	8033.0000
45	46	44	0.5344	8033.0000
46	47	45	0.7723	8033.0000
47	48	46	0.4985	8033.0000
48	49	47	0.3982	8033.0000
49	50	48	0.4341	8033.0000
50	51	49	0.5212	8033.0000
51	52	50	0.3800	8033.0000
52	53	51	0.3800	8033.0000
53	54	52	0.3800	8033.0000
54	55	53	0.3800	8033.0000
55	56	54	0.3800	8033.0000
56	57	55	0.3800	8033.0000
57	58	56	0.3800	8033.0000
58	59	57	0.6175	8033.0000
59	60	58	0.5348	8033.0000
60	61	59	0.6949	8033.0000
61	62	60	0.4562	8033.0000
62	63	61	0.6135	8033.0000
63	64	62	0.4970	8033.0000
64	65	63	0.4192	8033.0000
65	66	64	0.5456	8033.0000
66	67	65	0.4889	8033.0000
67	68	66	0.4691	8033.0000
68	69	67	0.4335	8033.0000
69	70	68	0.4520	8033.0000
70	71	69	0.5589	8033.0000
71	72	70	0.3976	8033.0000
72	73	71	0.4686	8033.0000
73	74	72	0.3988	8033.0000
74	75	73	0.3732	8033.0000
75	76	74	0.4046	8033.0000
76	77	75	0.3957	8033.0000
77	78	76	0.5047	8033.0000
78	79	77	0.3862	8033.0000
79	80	78	0.3715	8033.0000
80	81	79	0.7253	8033.0000
81	82	80	0.5886	8033.0000
82	83	81	0.4878	8033.0000
83	84	82	0.4445	8033.0000
84	85	83	0.3941	8033.0000
85	86	84	0.4319	8033.0000
86	87	85	0.4484	8033.0000
87	88	86	0.4058	8033.0000
88	89	87	0.3971	8033.0000
89	90	88	0.5306	8033.0000
90	91	89	0.4750	8033.0000
91	92	90	0.4106	8033.0000
92	93	91	0.3889	8033.0000
93	94	92	0.4528	8033.0000
94	95	93	0.6487	8033.0000
95	96	94	0.5910	8033.0000
96	97	95	0.4024	8033.0000
97	98	96	0.3800	8033.0000
98	99	97	0.3800	8033.0000
99	100	98	0.3800	8033.0000
100	101	99	0.3800	8033.0000
101	102	100	0.3800	8033.0000
102	103	101	0.3800	8033.0000
103	104	102	0.3800	8033.0000
104	105	103	0.3800	8033.0000
105	106	104	0.7266	8033.0000
106	107	105	0.4847	8033.0000
107	108	106	0.4237	8033.0000
108	109	107	0.3270	8033.0000
109	110	108	0.3838	8033.0000
110	111	109	0.4539	8033.0000
111	112	110	0.4986	8033.0000
112	113	111	0.4184	8033.0000
113	114	112	0.4433	8033.0000
114	115	113	0.4368	8033.0000
115	116	114	0.3874	8033.0000
117	118	115	0.5061	8033.0000
118	119	116	0.5821	8033.0000
119	120	117	0.4970	8033.0000
120	121	118	0.4974	8033.0000
121	122	119	0.5014	8033.0000
122	123	120	0.5091	8033.0000
123	124	121	0.3586	8033.0000
124	125	122	0.4054	8033.0000
125	126	123	0.3514	8033.0000
126	127	124	0.4855	8033.0000
127	128	125	0.4140	8033.0000
128	129	126	0.3920	8033.0000
129	130	127	0.4247	8033.0000
130	131	128	0.3611	8033.0000
131	132	129	0.4589	8033.0000
132	133	130	0.3545	8033.0000
133	134	131	0.4648	8033.0000
134	135	132	0.4013	8033.0000
135	136	133	0.4358	8033.0000
136	137	134	0.4032	8033.0000
137	138	135	0.4871	8033.0000
138	139	136	0.4464	8033.0000
139	140	137	0.5833	8033.0000
140	141	138	0.4956	8033.0000
141	142	139	0.3853	8033.0000
142	143	140	0.3850	8033.0000
143	144	141	0.3800	8033.0000
144	145	142	0.3800	8033.0000
145	146	143	0.3800	8033.0000
146	147	144	0.3800	8033.0000
147	148	145	0.3800	8033.0000
148	149	146	0.5646	8033.0000
149	150	147	0.3843	8033.0000
150	151	148	0.6369	8033.0000
151	152	149	0.6062	8033.0000
152	153	150	0.7207	8033.0000
153	154	151	0.5842	8033.0000
154	155	152	0.5222	8033.0000
155	156	153	0.4793	8033.0000
156	157	154	0.4063	8033.0000
157	158	155	0.5961	8033.0000
158	159	156	0.4458	8033.0000
159	160	157	0.3386	8033.0000
160	161	158	0.6543	8033.0000
161	162	159	0.5703	8033.0000
162	163	160	0.4469	8033.0000
163	164	161	0.4417	8033.0000
164	165	162	0.4815	8033.0000
165	166	163	0.5278	8033.0000
166	167	164	0.3800	8033.0000
167	168	165	0.3800	8033.0000
168	169	166	0.3876	8033.0000
169	170	167	0.4495	8033.0000
170	171	168	0.5121	8033.0000
171	172	169	0.3333	8033.0000
172	173	170	0.4068	8033.0000
173	174	171	0.3502	8033.0000
174	175	172	0.3787	8033.0000
175	176	173	0.4615	8033.0000
176	177	174	0.4937	8033.0000
177	178	175	0.4266	8033.0000
178	179	176	0.5597	8033.0000
179	180	177	0.3669	8033.0000
180	181	178	0.3669	8033.0000
181	182	179	0.3799	8033.0000
182	183	180	0.3947	8033.0000
183	184	181	0.3520	8033.0000
184	185	182	0.3888	8033.0000
185	186	183	0.3978	8033.0000
186	187	184	0.4814	8033.0000
187	188	185	0.5795	8033.0000
188	189	186	0.4856	8033.0000
189	190	187	0.3952	8033.0000
190	191	188	0.4446	8033.0000
191	192	189	0.5442	8033.0000
192	193	190	0.4105	8033.0000
193	194	191	0.4135	8033.0000
194	195	192	0.4569	8033.0000
195	196	193	0.5183	8033.0000
196	197	194	0.5113	8033.0000
197	198	195	0.4431	8033.0000
198	199	196	0.5785	8033.0000
199	200	197	0.4734	8033.0000
200	201	198	0.3854	8033.0000
201	202	199	0.4609	8033.0000
202	203	200	0.6229	8033.0000
203	204	201	0.5447	8033.0000
204	205	202	0.5490	8033.0000
205	206	203	0.3800	8033.0000
206	207	204	0.3800	8033.0000
207	208	205	0.3800	8033.0000
208	209	206	0.3800	8033.0000
209	210	207	0.3800	8033.0000
210	211	208	0.3800	8033.0000
211	212	209	0.3800	8033.0000
212	213	210	0.3800	8033.0000
213	214	211	0.4581	8033.0000
214	215	212	0.4622	8033.0000
215	216	213	0.3522	8033.0000
216	217	214	0.2911	8033.0000
217	218	215	0.3911	8033.0000
218	219	216	0.5460	8033.0000
219	220	217	0.5271	8033.0000
220	221	218	0.4718	8033.0000
221	222	219	0.4310	8033.0000
222	223	220	0.4977	8033.0000
223	224	221	0.6815	8033.0000
