i j d[nm] fc
1 3 0.7311 700.0000
1 25 0.7234 700.0000
2 4 0.6813 700.0000
2 24 0.7738 700.0000
2 25 0.5865 700.0000
3 5 0.6250 700.0000
3 23 0.8116 700.0000
3 24 0.7113 700.0000
3 25 0.5730 700.0000
3 107 0.7718 700.0000
3 108 0.8788 700.0000
4 6 0.6738 700.0000
4 22 0.5642 700.0000
4 23 0.6883 700.0000
4 24 0.5641 700.0000
4 25 0.6996 700.0000
4 34 0.8783 700.0000
4 96 0.5666 700.0000
4 106 0.7772 700.0000
4 107 0.5055 700.0000
4 108 0.7551 700.0000
5 7 0.6885 700.0000
5 21 0.7400 700.0000
5 22 0.6699 700.0000
5 23 0.5660 700.0000
5 24 0.7781 700.0000
5 25 0.8640 700.0000
5 96 0.8741 700.0000
5 107 0.7267 700.0000
5 108 0.6026 700.0000
5 109 0.8363 700.0000
6 8 0.6829 700.0000
6 20 0.6943 700.0000
6 21 0.5406 700.0000
6 22 0.5572 700.0000
6 23 0.8543 700.0000
6 36 0.8913 700.0000
6 95 0.7465 700.0000
6 96 0.5585 700.0000
6 107 0.5252 700.0000
6 108 0.4248 700.0000
6 109 0.4429 700.0000
6 110 0.5395 700.0000
7 9 0.6648 700.0000
7 10 0.7465 700.0000
7 19 0.8847 700.0000
7 20 0.5590 700.0000
7 21 0.4350 700.0000
7 22 0.7750 700.0000
7 108 0.7412 700.0000
7 109 0.6942 700.0000
7 110 0.5645 700.0000
7 111 0.8827 700.0000
8 10 0.5283 700.0000
8 20 0.7515 700.0000
8 21 0.7675 700.0000
8 108 0.8250 700.0000
8 109 0.7263 700.0000
8 110 0.5517 700.0000
8 111 0.6751 700.0000
8 112 0.8903 700.0000
9 11 0.7551 700.0000
9 109 0.8588 700.0000
9 110 0.6396 700.0000
9 111 0.5167 700.0000
9 112 0.7315 700.0000
9 113 0.7886 700.0000
10 12 0.6219 700.0000
10 18 0.6795 700.0000
10 20 0.7972 700.0000
10 110 0.7556 700.0000
10 111 0.6878 700.0000
10 112 0.5950 700.0000
10 113 0.6837 700.0000
11 13 0.6771 700.0000
11 112 0.7173 700.0000
11 113 0.4812 700.0000
11 114 0.6788 700.0000
11 115 0.6284 700.0000
11 116 0.8687 700.0000
12 14 0.7219 700.0000
12 15 0.8016 700.0000
12 16 0.5772 700.0000
12 17 0.6285 700.0000
12 18 0.6471 700.0000
12 86 0.6912 700.0000
12 112 0.7470 700.0000
12 113 0.6946 700.0000
12 114 0.6430 700.0000
12 115 0.7202 700.0000
13 15 0.6909 700.0000
13 16 0.6353 700.0000
13 86 0.7950 700.0000
13 114 0.6961 700.0000
13 115 0.5391 700.0000
13 116 0.5238 700.0000
14 16 0.5625 700.0000
14 85 0.7663 700.0000
14 86 0.5538 700.0000
14 87 0.6487 700.0000
14 88 0.8058 700.0000
14 114 0.5977 700.0000
14 115 0.6110 700.0000
14 116 0.6541 700.0000
15 17 0.6621 700.0000
15 84 0.6689 700.0000
15 85 0.4523 700.0000
15 86 0.4584 700.0000
15 87 0.7372 700.0000
15 114 0.8809 700.0000
16 18 0.7068 700.0000
16 83 0.8124 700.0000
16 84 0.5938 700.0000
16 85 0.5650 700.0000
16 86 0.4203 700.0000
16 87 0.8297 700.0000
16 114 0.8323 700.0000
17 19 0.7459 700.0000
17 82 0.6061 700.0000
17 83 0.6009 700.0000
17 84 0.5179 700.0000
17 85 0.7355 700.0000
17 86 0.5966 700.0000
18 20 0.6040 700.0000
18 81 0.7283 700.0000
18 82 0.5612 700.0000
18 83 0.4849 700.0000
18 84 0.7023 700.0000
18 86 0.7281 700.0000
18 112 0.7489 700.0000
19 21 0.6785 700.0000
19 69 0.8665 700.0000
19 71 0.7942 700.0000
19 79 0.8710 700.0000
19 80 0.5453 700.0000
19 81 0.6719 700.0000
19 82 0.5050 700.0000
19 83 0.7859 700.0000
20 22 0.7609 700.0000
20 36 0.7313 700.0000
20 79 0.7872 700.0000
20 80 0.6682 700.0000
20 81 0.4613 700.0000
20 82 0.7676 700.0000
20 83 0.7515 700.0000
20 94 0.7127 700.0000
20 96 0.8656 700.0000
20 110 0.6226 700.0000
20 112 0.8788 700.0000
21 23 0.7335 700.0000
21 36 0.8687 700.0000
21 78 0.6603 700.0000
21 79 0.5692 700.0000
21 80 0.5248 700.0000
21 81 0.7758 700.0000
21 96 0.8046 700.0000
21 110 0.8048 700.0000
22 24 0.6265 700.0000
22 34 0.6875 700.0000
22 36 0.7235 700.0000
22 77 0.8457 700.0000
22 78 0.5583 700.0000
22 79 0.4242 700.0000
22 80 0.6804 700.0000
22 81 0.8931 700.0000
22 96 0.5145 700.0000
22 107 0.7767 700.0000
23 25 0.6157 700.0000
23 76 0.6270 700.0000
23 77 0.5395 700.0000
23 78 0.5058 700.0000
23 79 0.7428 700.0000
24 76 0.7696 700.0000
24 77 0.4593 700.0000
24 78 0.6547 700.0000
24 79 0.8077 700.0000
25 77 0.6874 700.0000
34 36 0.6034 700.0000
34 49 0.7825 700.0000
34 50 0.6514 700.0000
34 70 0.8340 700.0000
34 79 0.6623 700.0000
34 96 0.6587 700.0000
35 37 0.7066 700.0000
35 47 0.6381 700.0000
35 48 0.8161 700.0000
35 49 0.5219 700.0000
35 50 0.5027 700.0000
35 96 0.7024 700.0000
35 106 0.8891 700.0000
36 47 0.8399 700.0000
36 48 0.6205 700.0000
36 49 0.5717 700.0000
36 50 0.8030 700.0000
36 70 0.6387 700.0000
36 79 0.7447 700.0000
36 81 0.4878 700.0000
36 94 0.7619 700.0000
36 95 0.8165 700.0000
36 96 0.5263 700.0000
37 39 0.7178 700.0000
37 45 0.6152 700.0000
37 46 0.6545 700.0000
37 47 0.6639 700.0000
37 48 0.6069 700.0000
37 49 0.7185 700.0000
37 93 0.7937 700.0000
37 94 0.6700 700.0000
37 95 0.5032 700.0000
37 96 0.6896 700.0000
37 106 0.7659 700.0000
37 214 0.8122 700.0000
38 40 0.5734 700.0000
38 44 0.8028 700.0000
38 45 0.7047 700.0000
38 46 0.3811 700.0000
38 48 0.6592 700.0000
38 90 0.7626 700.0000
38 91 0.8390 700.0000
38 92 0.6157 700.0000
38 93 0.6474 700.0000
38 94 0.5034 700.0000
38 95 0.8189 700.0000
39 41 0.6058 700.0000
39 42 0.6967 700.0000
39 43 0.6435 700.0000
39 44 0.5714 700.0000
39 45 0.5126 700.0000
39 46 0.6900 700.0000
39 92 0.6750 700.0000
39 93 0.4716 700.0000
39 94 0.7479 700.0000
39 95 0.6363 700.0000
39 154 0.8253 700.0000
40 42 0.7114 700.0000
40 43 0.4484 700.0000
40 44 0.6939 700.0000
40 45 0.8578 700.0000
40 46 0.6683 700.0000
40 89 0.7773 700.0000
40 90 0.8643 700.0000
40 91 0.7082 700.0000
40 92 0.6323 700.0000
40 93 0.7794 700.0000
41 43 0.4888 700.0000
41 44 0.8712 700.0000
41 91 0.8522 700.0000
41 92 0.7041 700.0000
41 93 0.7341 700.0000
42 44 0.6772 700.0000
42 201 0.8835 700.0000
43 45 0.8210 700.0000
43 46 0.8673 700.0000
43 216 0.8433 700.0000
44 46 0.6029 700.0000
44 203 0.6863 700.0000
44 214 0.6502 700.0000
44 215 0.6023 700.0000
44 216 0.5237 700.0000
44 217 0.7238 700.0000
45 95 0.8048 700.0000
45 154 0.8685 700.0000
45 160 0.8348 700.0000
45 203 0.6438 700.0000
45 214 0.4447 700.0000
45 215 0.6627 700.0000
45 216 0.7552 700.0000
46 48 0.6720 700.0000
46 61 0.8098 700.0000
46 94 0.8635 700.0000
46 214 0.7473 700.0000
47 49 0.3956 700.0000
47 50 0.6664 700.0000
47 59 0.7157 700.0000
47 61 0.5578 700.0000
47 214 0.7915 700.0000
48 50 0.8304 700.0000
48 59 0.8592 700.0000
48 60 0.7183 700.0000
48 61 0.5335 700.0000
48 62 0.5868 700.0000
48 68 0.7048 700.0000
48 70 0.7786 700.0000
48 81 0.7520 700.0000
48 94 0.8209 700.0000
49 59 0.6238 700.0000
49 60 0.6345 700.0000
49 61 0.6506 700.0000
49 62 0.8427 700.0000
49 68 0.8693 700.0000
49 70 0.6612 700.0000
49 81 0.8543 700.0000
50 59 0.5702 700.0000
50 60 0.7523 700.0000
50 70 0.7501 700.0000
59 61 0.6450 700.0000
60 62 0.6572 700.0000
60 65 0.7843 700.0000
60 66 0.7617 700.0000
60 68 0.5788 700.0000
60 69 0.6882 700.0000
60 70 0.5655 700.0000
61 63 0.8326 700.0000
61 117 0.8758 700.0000
62 64 0.5473 700.0000
62 65 0.6438 700.0000
62 66 0.7666 700.0000
62 67 0.6543 700.0000
62 68 0.5855 700.0000
63 65 0.6423 700.0000
64 66 0.5768 700.0000
64 67 0.5079 700.0000
64 68 0.7532 700.0000
64 84 0.8805 700.0000
64 85 0.8652 700.0000
65 67 0.7808 700.0000
65 68 0.8121 700.0000
66 68 0.4904 700.0000
66 69 0.6224 700.0000
66 82 0.8402 700.0000
66 83 0.8622 700.0000
66 84 0.6897 700.0000
66 85 0.8883 700.0000
67 69 0.7958 700.0000
67 82 0.7924 700.0000
67 83 0.5415 700.0000
67 84 0.4081 700.0000
67 85 0.5484 700.0000
67 86 0.7439 700.0000
67 87 0.8693 700.0000
67 90 0.7816 700.0000
68 70 0.5970 700.0000
68 81 0.6413 700.0000
68 82 0.6341 700.0000
68 83 0.5562 700.0000
68 84 0.6793 700.0000
69 71 0.6358 700.0000
69 81 0.6563 700.0000
69 82 0.4668 700.0000
69 83 0.7332 700.0000
69 84 0.8230 700.0000
70 72 0.8574 700.0000
70 79 0.8081 700.0000
70 80 0.8339 700.0000
70 81 0.5588 700.0000
70 82 0.7736 700.0000
71 73 0.7908 700.0000
71 78 0.8105 700.0000
71 79 0.5876 700.0000
71 80 0.4786 700.0000
71 81 0.7852 700.0000
71 82 0.7810 700.0000
72 74 0.6191 700.0000
72 75 0.8726 700.0000
72 76 0.8044 700.0000
72 77 0.8814 700.0000
72 78 0.6022 700.0000
72 79 0.5409 700.0000
72 80 0.5726 700.0000
73 75 0.4570 700.0000
73 76 0.4100 700.0000
73 77 0.6519 700.0000
73 78 0.4816 700.0000
73 79 0.7171 700.0000
73 80 0.7049 700.0000
74 76 0.5058 700.0000
74 77 0.5200 700.0000
74 78 0.6591 700.0000
74 79 0.8795 700.0000
75 77 0.6064 700.0000
75 78 0.7680 700.0000
76 78 0.4353 700.0000
76 79 0.8108 700.0000
76 80 0.8742 700.0000
77 79 0.7978 700.0000
78 80 0.5179 700.0000
79 81 0.7851 700.0000
79 96 0.8175 700.0000
80 82 0.8268 700.0000
81 83 0.5590 700.0000
81 94 0.7121 700.0000
81 96 0.8941 700.0000
82 84 0.6022 700.0000
83 85 0.7516 700.0000
83 86 0.6400 700.0000
83 90 0.6797 700.0000
83 94 0.7934 700.0000
83 112 0.8496 700.0000
84 86 0.5275 700.0000
84 87 0.8491 700.0000
84 90 0.8241 700.0000
85 87 0.6172 700.0000
85 90 0.7949 700.0000
86 88 0.7663 700.0000
86 89 0.9000 700.0000
86 90 0.5468 700.0000
86 91 0.8492 700.0000
86 112 0.8279 700.0000
86 114 0.5974 700.0000
87 89 0.4947 700.0000
87 90 0.4380 700.0000
87 91 0.7014 700.0000
87 114 0.5915 700.0000
88 90 0.5696 700.0000
88 91 0.5145 700.0000
88 113 0.8521 700.0000
88 114 0.5197 700.0000
88 115 0.7970 700.0000
89 91 0.6398 700.0000
89 114 0.8504 700.0000
90 92 0.6716 700.0000
90 94 0.7703 700.0000
90 112 0.6605 700.0000
90 113 0.8742 700.0000
90 114 0.6428 700.0000
91 93 0.7982 700.0000
91 94 0.7900 700.0000
91 111 0.8052 700.0000
91 112 0.4975 700.0000
91 113 0.5697 700.0000
91 114 0.5227 700.0000
91 115 0.8958 700.0000
92 94 0.4799 700.0000
92 95 0.8974 700.0000
92 110 0.7264 700.0000
92 111 0.5558 700.0000
92 112 0.4694 700.0000
92 113 0.7207 700.0000
92 114 0.8561 700.0000
93 95 0.5424 700.0000
93 109 0.6417 700.0000
93 110 0.5519 700.0000
93 111 0.5329 700.0000
93 112 0.7194 700.0000
94 109 0.7829 700.0000
94 110 0.5340 700.0000
94 111 0.7050 700.0000
94 112 0.6181 700.0000
95 106 0.5923 700.0000
95 107 0.5581 700.0000
95 108 0.7139 700.0000
95 109 0.5112 700.0000
95 110 0.6553 700.0000
95 159 0.6398 700.0000
95 160 0.7093 700.0000
96 106 0.6199 700.0000
96 107 0.4600 700.0000
96 108 0.7614 700.0000
96 109 0.7288 700.0000
96 110 0.8369 700.0000
106 108 0.8691 700.0000
106 109 0.8906 700.0000
106 152 0.8121 700.0000
106 159 0.5162 700.0000
106 160 0.4831 700.0000
106 162 0.8475 700.0000
107 109 0.5338 700.0000
107 110 0.8374 700.0000
107 159 0.6182 700.0000
107 160 0.8139 700.0000
108 110 0.6668 700.0000
108 159 0.7661 700.0000
109 111 0.6710 700.0000
109 159 0.7882 700.0000
110 112 0.6823 700.0000
111 113 0.6541 700.0000
112 114 0.5959 700.0000
113 115 0.6017 700.0000
114 116 0.7869 700.0000
117 119 0.7692 700.0000
117 142 0.8777 700.0000
118 120 0.6182 700.0000
118 141 0.6575 700.0000
118 142 0.5380 700.0000
119 121 0.5694 700.0000
119 140 0.8472 700.0000
119 141 0.6544 700.0000
119 142 0.5299 700.0000
119 215 0.8371 700.0000
120 122 0.6519 700.0000
120 139 0.5724 700.0000
120 140 0.7796 700.0000
120 141 0.5638 700.0000
120 142 0.7223 700.0000
120 149 0.8691 700.0000
120 187 0.8863 700.0000
120 204 0.5509 700.0000
120 214 0.7128 700.0000
120 215 0.4997 700.0000
120 216 0.7671 700.0000
121 123 0.6712 700.0000
121 138 0.7093 700.0000
121 139 0.5697 700.0000
121 140 0.5165 700.0000
121 141 0.6623 700.0000
121 142 0.8148 700.0000
121 204 0.8239 700.0000
121 215 0.7109 700.0000
121 216 0.7621 700.0000
121 217 0.8370 700.0000
122 124 0.6760 700.0000
122 125 0.6988 700.0000
122 137 0.7451 700.0000
122 138 0.5457 700.0000
122 139 0.5204 700.0000
122 140 0.8560 700.0000
122 151 0.8629 700.0000
122 203 0.7066 700.0000
122 204 0.5738 700.0000
122 215 0.5162 700.0000
122 216 0.4897 700.0000
122 217 0.4086 700.0000
122 218 0.5809 700.0000
123 125 0.6433 700.0000
123 126 0.8599 700.0000
123 136 0.8087 700.0000
123 137 0.6267 700.0000
123 138 0.3681 700.0000
123 139 0.7040 700.0000
123 140 0.8007 700.0000
123 217 0.7728 700.0000
123 218 0.7065 700.0000
124 126 0.5185 700.0000
124 127 0.6141 700.0000
124 136 0.8243 700.0000
124 137 0.6515 700.0000
124 138 0.6544 700.0000
124 217 0.7469 700.0000
124 218 0.5491 700.0000
124 219 0.8974 700.0000
125 127 0.7220 700.0000
125 216 0.7507 700.0000
125 217 0.5664 700.0000
125 218 0.4760 700.0000
125 219 0.6581 700.0000
125 220 0.8977 700.0000
126 128 0.7379 700.0000
126 217 0.8501 700.0000
126 218 0.6223 700.0000
126 219 0.5734 700.0000
126 220 0.7519 700.0000
126 221 0.7635 700.0000
127 129 0.5707 700.0000
127 135 0.8083 700.0000
127 136 0.8997 700.0000
127 137 0.8260 700.0000
127 218 0.7051 700.0000
127 219 0.7160 700.0000
127 220 0.4983 700.0000
127 221 0.5600 700.0000
127 222 0.8711 700.0000
127 223 0.8952 700.0000
128 130 0.7137 700.0000
128 133 0.8970 700.0000
128 219 0.8920 700.0000
128 220 0.6630 700.0000
128 221 0.4026 700.0000
128 222 0.6293 700.0000
128 223 0.4989 700.0000
129 131 0.6298 700.0000
129 132 0.7909 700.0000
129 133 0.5580 700.0000
129 134 0.8655 700.0000
129 135 0.7653 700.0000
129 194 0.6438 700.0000
129 196 0.8844 700.0000
129 198 0.8931 700.0000
129 220 0.6380 700.0000
129 221 0.5514 700.0000
129 222 0.5193 700.0000
129 223 0.5078 700.0000
130 132 0.5789 700.0000
130 133 0.4541 700.0000
130 194 0.6865 700.0000
130 196 0.8897 700.0000
130 221 0.8865 700.0000
130 222 0.6696 700.0000
130 223 0.4938 700.0000
131 133 0.5650 700.0000
131 193 0.7203 700.0000
131 194 0.5346 700.0000
131 195 0.6686 700.0000
131 196 0.6480 700.0000
131 222 0.6906 700.0000
131 223 0.7302 700.0000
132 134 0.6371 700.0000
132 135 0.8449 700.0000
132 191 0.8553 700.0000
132 192 0.7224 700.0000
132 193 0.3993 700.0000
132 194 0.4777 700.0000
132 195 0.7474 700.0000
133 135 0.6452 700.0000
133 191 0.8137 700.0000
133 192 0.8344 700.0000
133 193 0.6262 700.0000
133 194 0.5357 700.0000
133 223 0.8966 700.0000
134 136 0.6897 700.0000
134 190 0.7674 700.0000
134 191 0.6145 700.0000
134 192 0.5951 700.0000
134 193 0.6554 700.0000
134 194 0.6988 700.0000
135 137 0.6213 700.0000
135 189 0.7171 700.0000
135 190 0.5640 700.0000
135 191 0.3958 700.0000
135 192 0.7293 700.0000
135 193 0.7821 700.0000
135 194 0.6496 700.0000
135 220 0.8565 700.0000
136 138 0.6729 700.0000
136 188 0.6163 700.0000
136 189 0.6098 700.0000
136 190 0.5672 700.0000
136 191 0.7076 700.0000
137 139 0.7889 700.0000
137 151 0.7567 700.0000
137 188 0.6039 700.0000
137 189 0.4409 700.0000
137 190 0.6604 700.0000
137 191 0.7640 700.0000
137 202 0.6991 700.0000
137 217 0.8963 700.0000
137 218 0.6517 700.0000
137 220 0.8597 700.0000
138 140 0.6868 700.0000
138 151 0.8640 700.0000
138 186 0.7848 700.0000
138 187 0.7392 700.0000
138 188 0.5887 700.0000
138 189 0.7544 700.0000
138 204 0.8425 700.0000
138 217 0.8886 700.0000
138 218 0.8279 700.0000
139 141 0.6500 700.0000
139 149 0.7224 700.0000
139 151 0.7092 700.0000
139 185 0.7802 700.0000
139 186 0.6755 700.0000
139 187 0.4726 700.0000
139 188 0.6976 700.0000
139 189 0.8695 700.0000
139 204 0.5305 700.0000
139 215 0.7699 700.0000
139 217 0.8973 700.0000
140 142 0.7371 700.0000
140 185 0.5725 700.0000
140 186 0.5249 700.0000
140 187 0.7626 700.0000
141 184 0.7769 700.0000
141 185 0.4173 700.0000
141 186 0.6734 700.0000
141 187 0.7171 700.0000
142 185 0.6888 700.0000
149 151 0.6026 700.0000
149 152 0.8970 700.0000
149 164 0.7745 700.0000
149 165 0.8613 700.0000
149 181 0.8974 700.0000
149 187 0.5501 700.0000
149 204 0.6254 700.0000
150 152 0.6500 700.0000
150 162 0.7601 700.0000
150 164 0.6518 700.0000
150 165 0.6225 700.0000
150 204 0.7071 700.0000
151 162 0.8384 700.0000
151 163 0.6594 700.0000
151 164 0.5472 700.0000
151 179 0.8685 700.0000
151 180 0.7655 700.0000
151 181 0.8729 700.0000
151 187 0.7665 700.0000
151 188 0.7344 700.0000
151 189 0.5166 700.0000
151 190 0.8836 700.0000
151 202 0.7300 700.0000
151 203 0.7454 700.0000
151 204 0.5189 700.0000
152 154 0.8094 700.0000
152 160 0.5744 700.0000
152 161 0.7269 700.0000
152 162 0.4843 700.0000
152 163 0.6194 700.0000
152 164 0.7461 700.0000
152 202 0.8092 700.0000
152 203 0.5872 700.0000
152 204 0.6915 700.0000
152 214 0.7939 700.0000
153 155 0.5653 700.0000
153 158 0.8412 700.0000
153 159 0.8629 700.0000
153 160 0.7089 700.0000
153 161 0.4266 700.0000
153 162 0.8112 700.0000
153 163 0.6327 700.0000
153 178 0.8625 700.0000
153 198 0.7295 700.0000
153 199 0.8259 700.0000
153 200 0.6551 700.0000
153 201 0.6422 700.0000
153 202 0.5156 700.0000
153 203 0.8210 700.0000
154 156 0.6372 700.0000
154 157 0.8621 700.0000
154 158 0.5985 700.0000
154 159 0.6088 700.0000
154 160 0.4972 700.0000
154 161 0.8030 700.0000
154 200 0.6858 700.0000
154 201 0.4654 700.0000
154 202 0.7564 700.0000
154 203 0.6507 700.0000
155 157 0.8199 700.0000
155 158 0.5071 700.0000
155 159 0.8093 700.0000
155 160 0.8482 700.0000
155 161 0.7761 700.0000
155 198 0.8915 700.0000
155 199 0.5910 700.0000
155 200 0.5909 700.0000
155 201 0.6942 700.0000
155 202 0.8787 700.0000
156 158 0.5414 700.0000
156 159 0.8960 700.0000
156 199 0.8581 700.0000
156 200 0.8194 700.0000
156 201 0.8466 700.0000
157 159 0.8972 700.0000
158 160 0.6760 700.0000
158 161 0.8267 700.0000
159 161 0.7434 700.0000
160 162 0.7592 700.0000
160 201 0.8864 700.0000
160 203 0.7690 700.0000
161 163 0.5626 700.0000
161 171 0.8354 700.0000
161 173 0.8605 700.0000
161 174 0.7358 700.0000
162 164 0.6056 700.0000
162 165 0.6481 700.0000
162 170 0.8921 700.0000
162 171 0.5537 700.0000
162 172 0.8465 700.0000
162 174 0.7901 700.0000
163 165 0.7782 700.0000
163 170 0.8159 700.0000
163 171 0.6453 700.0000
163 173 0.8682 700.0000
163 174 0.5708 700.0000
163 175 0.7854 700.0000
163 178 0.5896 700.0000
163 179 0.8471 700.0000
163 189 0.8114 700.0000
163 202 0.8093 700.0000
164 169 0.6620 700.0000
164 170 0.6197 700.0000
164 171 0.7043 700.0000
164 174 0.8095 700.0000
164 178 0.7745 700.0000
164 179 0.7000 700.0000
164 180 0.6273 700.0000
164 189 0.7601 700.0000
165 169 0.4798 700.0000
165 170 0.5442 700.0000
165 171 0.6119 700.0000
169 171 0.8610 700.0000
169 180 0.7849 700.0000
170 172 0.6619 700.0000
170 173 0.8622 700.0000
170 174 0.7090 700.0000
170 179 0.8966 700.0000
170 180 0.8962 700.0000
171 173 0.5793 700.0000
171 174 0.5213 700.0000
171 175 0.8927 700.0000
172 174 0.5553 700.0000
172 175 0.8849 700.0000
173 175 0.5736 700.0000
174 176 0.7129 700.0000
174 177 0.7899 700.0000
174 178 0.6165 700.0000
175 177 0.4544 700.0000
175 178 0.4900 700.0000
176 178 0.5985 700.0000
176 179 0.7480 700.0000
176 192 0.7580 700.0000
177 179 0.8363 700.0000
177 190 0.8593 700.0000
177 191 0.5821 700.0000
177 192 0.6190 700.0000
177 193 0.5971 700.0000
177 194 0.6767 700.0000
177 195 0.5995 700.0000
177 197 0.8109 700.0000
177 198 0.7003 700.0000
178 180 0.8632 700.0000
178 189 0.6983 700.0000
178 190 0.6476 700.0000
178 191 0.5396 700.0000
178 192 0.8075 700.0000
178 194 0.8894 700.0000
178 198 0.7584 700.0000
178 202 0.8933 700.0000
179 181 0.6695 700.0000
179 188 0.7471 700.0000
179 189 0.5665 700.0000
179 190 0.3986 700.0000
179 191 0.6959 700.0000
179 192 0.8193 700.0000
180 182 0.7132 700.0000
180 187 0.8474 700.0000
180 188 0.5910 700.0000
180 189 0.6167 700.0000
180 190 0.6037 700.0000
181 183 0.7500 700.0000
181 186 0.8474 700.0000
181 187 0.6179 700.0000
181 188 0.4142 700.0000
181 189 0.7243 700.0000
181 190 0.7359 700.0000
182 184 0.6050 700.0000
182 185 0.8437 700.0000
182 186 0.6282 700.0000
182 187 0.5315 700.0000
182 188 0.6412 700.0000
183 185 0.6186 700.0000
183 186 0.4494 700.0000
183 187 0.6485 700.0000
183 188 0.8853 700.0000
184 186 0.4916 700.0000
184 187 0.6282 700.0000
185 187 0.6048 700.0000
186 188 0.7654 700.0000
187 189 0.8987 700.0000
187 204 0.8042 700.0000
188 190 0.5990 700.0000
189 191 0.6305 700.0000
189 202 0.7223 700.0000
190 192 0.6990 700.0000
191 193 0.6187 700.0000
191 194 0.5416 700.0000
191 195 0.8350 700.0000
191 198 0.7197 700.0000
191 202 0.8877 700.0000
192 194 0.7085 700.0000
193 195 0.5931 700.0000
193 198 0.8806 700.0000
194 196 0.7166 700.0000
194 197 0.8233 700.0000
194 198 0.5650 700.0000
194 220 0.8648 700.0000
194 222 0.8249 700.0000
195 197 0.4776 700.0000
195 198 0.5106 700.0000
196 198 0.5993 700.0000
196 199 0.6344 700.0000
196 222 0.5646 700.0000
197 199 0.6754 700.0000
198 200 0.7232 700.0000
198 202 0.7738 700.0000
198 220 0.6917 700.0000
198 222 0.8101 700.0000
199 201 0.8377 700.0000
199 202 0.8991 700.0000
199 219 0.8525 700.0000
199 220 0.6582 700.0000
199 221 0.7433 700.0000
199 222 0.6518 700.0000
200 202 0.5343 700.0000
200 218 0.7080 700.0000
200 219 0.4929 700.0000
200 220 0.4457 700.0000
200 221 0.7307 700.0000
200 222 0.8841 700.0000
201 203 0.5494 700.0000
201 216 0.8459 700.0000
201 217 0.6494 700.0000
201 218 0.5625 700.0000
201 219 0.5415 700.0000
201 220 0.6939 700.0000
202 217 0.7595 700.0000
202 218 0.5448 700.0000
202 219 0.7869 700.0000
202 220 0.6088 700.0000
203 214 0.6343 700.0000
203 215 0.5263 700.0000
203 216 0.5775 700.0000
203 217 0.5120 700.0000
203 218 0.6848 700.0000
204 214 0.5925 700.0000
204 215 0.4554 700.0000
204 216 0.7251 700.0000
204 217 0.7263 700.0000
214 216 0.7479 700.0000
215 217 0.5234 700.0000
215 218 0.8725 700.0000
216 218 0.6815 700.0000
217 219 0.7586 700.0000
218 220 0.6275 700.0000
219 221 0.6344 700.0000
220 222 0.6801 700.0000
221 223 0.6175 700.0000
222 224 0.7674 700.0000
