i	j	b_idx	d[nm]	k[kJ/mol/nm^2]
1	2	0	0.4526	8033.0000
2	3	1	0.4739	8033.0000
3	4	2	0.5506	8033.0000
4	5	3	0.5072	8033.0000
5	6	4	0.4262	8033.0000
6	7	5	0.5362	8033.0000
7	8	6	0.4197	8033.0000
8	9	7	0.3018	8033.0000
9	10	8	0.4296	8033.0000
10	11	9	0.4509	8033.0000
11	12	10	0.4508	8033.0000
12	13	11	0.4103	8033.0000
13	14	12	0.4463	8033.0000
14	15	13	0.4553	8033.0000
15	16	14	0.2924	8033.0000
16	17	15	0.3622	8033.0000
17	18	16	0.4744	8033.0000
18	19	17	0.5608	8033.0000
19	20	18	0.4753	8033.0000
20	21	19	0.4555	8033.0000
21	22	20	0.4962	8033.0000
22	23	21	0.3662	8033.0000
23	24	22	0.3788	8033.0000
24	25	23	0.4111	8033.0000
25	26	24	0.3977	8033.0000
26	27	25	0.4243	8033.0000
27	28	26	0.4705	8033.0000
28	29	27	0.6176	8033.0000
29	30	28	0.4664	8033.0000
30	31	29	0.3800	8033.0000
31	32	30	0.3956	8033.0000
32	33	31	0.4902	8033.0000
33	34	32	0.3671	8033.0000
34	35	33	0.4706	8033.0000
35	36	34	0.5056	8033.0000
36	37	35	0.6070	8033.0000
37	38	36	0.5971	8033.0000
38	39	37	0.6942	8033.0000
39	40	38	0.4558	8033.0000
40	41	39	0.4025	8033.0000
41	42	40	0.4542	8033.0000
42	43	41	0.5123	8033.0000
43	44	42	0.6724	8033.0000
44	45	43	0.4631	8033.0000
45	46	44	0.6131	8033.0000
46	47	45	0.6399	8033.0000
47	48	46	0.4439	8033.0000
48	49	47	0.3923	8033.0000
49	50	48	0.4143	8033.0000
50	51	49	0.4603	8033.0000
51	52	50	0.3921	8033.0000
52	53	51	0.3800	8033.0000
53	54	52	0.3800	8033.0000
54	55	53	0.3497	8033.0000
55	56	54	0.3681	8033.0000
56	57	55	0.3800	8033.0000
57	58	56	0.6532	8033.0000
58	59	57	0.4481	8033.0000
59	60	58	0.6422	8033.0000
60	61	59	0.5415	8033.0000
61	62	60	0.4770	8033.0000
62	63	61	0.5093	8033.0000
63	64	62	0.4288	8033.0000
64	65	63	0.5101	8033.0000
65	66	64	0.5334	8033.0000
66	67	65	0.4978	8033.0000
67	68	66	0.4297	8033.0000
68	69	67	0.5795	8033.0000
69	70	68	0.4741	8033.0000
70	71	69	0.4136	8033.0000
71	72	70	0.5641	8033.0000
72	73	71	0.5911	8033.0000
73	74	72	0.4740	8033.0000
74	75	73	0.5050	8033.0000
75	76	74	0.4146	8033.0000
76	77	75	0.6258	8033.0000
77	78	76	0.5066	8033.0000
78	79	77	0.4830	8033.0000
79	80	78	0.4584	8033.0000
80	81	79	0.6765	8033.0000
81	82	80	0.5085	8033.0000
82	83	81	0.4734	8033.0000
83	84	82	0.5360	8033.0000
84	85	83	0.3643	8033.0000
85	86	84	0.4448	8033.0000
86	87	85	0.5438	8033.0000
87	88	86	0.4404	8033.0000
88	89	87	0.3689	8033.0000
89	90	88	0.4822	8033.0000
90	91	89	0.5194	8033.0000
91	92	90	0.4244	8033.0000
92	93	91	0.4777	8033.0000
93	94	92	0.5404	8033.0000
94	95	93	0.6582	8033.0000
95	96	94	0.6396	8033.0000
96	97	95	0.4103	8033.0000
97	98	96	0.6558	8033.0000
98	99	97	0.5935	8033.0000
99	100	98	0.3800	8033.0000
100	101	99	0.3800	8033.0000
101	102	100	0.3800	8033.0000
102	103	101	0.3800	8033.0000
103	104	102	0.3800	8033.0000
104	105	103	0.3800	8033.0000
105	106	104	0.3800	8033.0000
106	107	105	0.3800	8033.0000
107	108	106	0.3800	8033.0000
108	109	107	0.3800	8033.0000
109	110	108	0.3800	8033.0000
110	111	109	0.3800	8033.0000
111	112	110	0.3800	8033.0000
112	113	111	0.7107	8033.0000
113	114	112	0.5425	8033.0000
114	115	113	0.4315	8033.0000
115	116	114	0.3310	8033.0000
116	117	115	0.3821	8033.0000
117	118	116	0.4273	8033.0000
118	119	117	0.4344	8033.0000
119	120	118	0.4334	8033.0000
120	121	119	0.4460	8033.0000
121	122	120	0.4502	8033.0000
122	123	121	0.3738	8033.0000
123	124	122	0.3555	8033.0000
124	125	123	0.5047	8033.0000
126	127	124	0.4924	8033.0000
127	128	125	0.4817	8033.0000
128	129	126	0.5417	8033.0000
129	130	127	0.5062	8033.0000
130	131	128	0.4800	8033.0000
131	132	129	0.5120	8033.0000
132	133	130	0.3659	8033.0000
133	134	131	0.4321	8033.0000
134	135	132	0.3742	8033.0000
135	136	133	0.4266	8033.0000
136	137	134	0.4356	8033.0000
137	138	135	0.3946	8033.0000
138	139	136	0.3963	8033.0000
139	140	137	0.3528	8033.0000
140	141	138	0.3960	8033.0000
141	142	139	0.4227	8033.0000
142	143	140	0.6542	8033.0000
143	144	141	0.4367	8033.0000
144	145	142	0.4216	8033.0000
145	146	143	0.4985	8033.0000
146	147	144	0.5135	8033.0000
147	148	145	0.5421	8033.0000
148	149	146	0.4768	8033.0000
149	150	147	0.4668	8033.0000
150	151	148	0.4431	8033.0000
151	152	149	0.4336	8033.0000
152	153	150	0.4455	8033.0000
153	154	151	0.4104	8033.0000
154	155	152	0.5047	8033.0000
155	156	153	0.6548	8033.0000
156	157	154	0.5221	8033.0000
157	158	155	0.4042	8033.0000
158	159	156	0.3800	8033.0000
159	160	157	0.3800	8033.0000
160	161	158	0.4850	8033.0000
161	162	159	0.5317	8033.0000
162	163	160	0.5695	8033.0000
163	164	161	0.6780	8033.0000
164	165	162	0.3718	8033.0000
165	166	163	0.4721	8033.0000
166	167	164	0.6447	8033.0000
167	168	165	0.7324	8033.0000
168	169	166	0.6130	8033.0000
169	170	167	0.5654	8033.0000
170	171	168	0.4621	8033.0000
171	172	169	0.4443	8033.0000
172	173	170	0.3765	8033.0000
173	174	171	0.4529	8033.0000
174	175	172	0.3710	8033.0000
175	176	173	0.6131	8033.0000
176	177	174	0.4787	8033.0000
177	178	175	0.4874	8033.0000
178	179	176	0.4227	8033.0000
179	180	177	0.5433	8033.0000
180	181	178	0.4631	8033.0000
181	182	179	0.3800	8033.0000
182	183	180	0.3800	8033.0000
183	184	181	0.3881	8033.0000
184	185	182	0.5855	8033.0000
185	186	183	0.6335	8033.0000
186	187	184	0.4358	8033.0000
187	188	185	0.4188	8033.0000
188	189	186	0.3574	8033.0000
189	190	187	0.3746	8033.0000
190	191	188	0.4622	8033.0000
191	192	189	0.6348	8033.0000
192	193	190	0.4492	8033.0000
193	194	191	0.5918	8033.0000
194	195	192	0.3654	8033.0000
195	196	193	0.3760	8033.0000
196	197	194	0.3869	8033.0000
197	198	195	0.3806	8033.0000
198	199	196	0.3874	8033.0000
199	200	197	0.3829	8033.0000
200	201	198	0.3762	8033.0000
201	202	199	0.4574	8033.0000
202	203	200	0.5646	8033.0000
203	204	201	0.4813	8033.0000
204	205	202	0.4249	8033.0000
205	206	203	0.4464	8033.0000
206	207	204	0.4724	8033.0000
207	208	205	0.3863	8033.0000
208	209	206	0.4132	8033.0000
209	210	207	0.3888	8033.0000
210	211	208	0.5125	8033.0000
211	212	209	0.3854	8033.0000
212	213	210	0.4546	8033.0000
213	214	211	0.5791	8033.0000
214	215	212	0.4297	8033.0000
215	216	213	0.3961	8033.0000
216	217	214	0.4808	8033.0000
217	218	215	0.6451	8033.0000
218	219	216	0.6220	8033.0000
219	220	217	0.5702	8033.0000
220	221	218	0.4615	8033.0000
221	222	219	0.5656	8033.0000
222	223	220	0.3800	8033.0000
223	224	221	0.3800	8033.0000
224	225	222	0.3800	8033.0000
225	226	223	0.3538	8033.0000
226	227	224	0.6168	8033.0000
227	228	225	0.3800	8033.0000
228	229	226	0.6136	8033.0000
229	230	227	0.4466	8033.0000
230	231	228	0.4826	8033.0000
231	232	229	0.3592	8033.0000
232	233	230	0.2925	8033.0000
233	234	231	0.3869	8033.0000
234	235	232	0.5809	8033.0000
235	236	233	0.5240	8033.0000
236	237	234	0.4784	8033.0000
237	238	235	0.5424	8033.0000
238	239	236	0.5676	8033.0000
239	240	237	0.6389	8033.0000
240	241	238	0.3114	8033.0000
241	242	239	0.3905	8033.0000
