i	j	b_idx	d[nm]	k[kJ/mol/nm^2]
1	2	0	0.5145	8033.0000
2	3	1	0.5243	8033.0000
3	4	2	0.4745	8033.0000
4	5	3	0.5693	8033.0000
5	6	4	0.5299	8033.0000
6	7	5	0.4411	8033.0000
7	8	6	0.3214	8033.0000
8	9	7	0.3368	8033.0000
9	10	8	0.4238	8033.0000
10	11	9	0.5337	8033.0000
11	12	10	0.4607	8033.0000
12	13	11	0.4722	8033.0000
13	14	12	0.4724	8033.0000
14	15	13	0.4523	8033.0000
15	16	14	0.3026	8033.0000
16	17	15	0.3997	8033.0000
17	18	16	0.4024	8033.0000
18	19	17	0.5496	8033.0000
19	20	18	0.5087	8033.0000
20	21	19	0.4451	8033.0000
21	22	20	0.4647	8033.0000
22	23	21	0.5639	8033.0000
23	24	22	0.3408	8033.0000
24	25	23	0.3888	8033.0000
25	26	24	0.4386	8033.0000
26	27	25	0.4446	8033.0000
27	28	26	0.4807	8033.0000
28	29	27	0.6151	8033.0000
29	30	28	0.4732	8033.0000
30	31	29	0.3800	8033.0000
31	32	30	0.4181	8033.0000
32	33	31	0.7157	8033.0000
33	34	32	0.6131	8033.0000
34	35	33	0.4871	8033.0000
35	36	34	0.6095	8033.0000
36	37	35	0.6045	8033.0000
37	38	36	0.6085	8033.0000
38	39	37	0.6013	8033.0000
39	40	38	0.5810	8033.0000
40	41	39	0.5321	8033.0000
41	42	40	0.4444	8033.0000
42	43	41	0.3650	8033.0000
43	44	42	0.5084	8033.0000
44	45	43	0.3820	8033.0000
45	46	44	0.5609	8033.0000
46	47	45	0.7855	8033.0000
47	48	46	0.4846	8033.0000
48	49	47	0.4067	8033.0000
49	50	48	0.4412	8033.0000
50	51	49	0.5646	8033.0000
51	52	50	0.4937	8033.0000
52	53	51	0.3911	8033.0000
53	54	52	0.3800	8033.0000
54	55	53	0.3800	8033.0000
55	56	54	0.3800	8033.0000
56	57	55	0.5061	8033.0000
57	58	56	0.4002	8033.0000
58	59	57	0.6316	8033.0000
59	60	58	0.5487	8033.0000
60	61	59	0.7146	8033.0000
61	62	60	0.5413	8033.0000
62	63	61	0.5484	8033.0000
63	64	62	0.5103	8033.0000
64	65	63	0.4590	8033.0000
65	66	64	0.5400	8033.0000
66	67	65	0.4961	8033.0000
67	68	66	0.4698	8033.0000
68	69	67	0.4259	8033.0000
69	70	68	0.4556	8033.0000
70	71	69	0.5700	8033.0000
71	72	70	0.4196	8033.0000
72	73	71	0.4747	8033.0000
73	74	72	0.3823	8033.0000
74	75	73	0.3798	8033.0000
75	76	74	0.3936	8033.0000
76	77	75	0.3672	8033.0000
77	78	76	0.5134	8033.0000
78	79	77	0.3839	8033.0000
79	80	78	0.3807	8033.0000
80	81	79	0.7366	8033.0000
81	82	80	0.6038	8033.0000
82	83	81	0.5180	8033.0000
83	84	82	0.4493	8033.0000
84	85	83	0.3981	8033.0000
85	86	84	0.4417	8033.0000
86	87	85	0.4579	8033.0000
87	88	86	0.3961	8033.0000
88	89	87	0.3596	8033.0000
89	90	88	0.5286	8033.0000
90	91	89	0.4929	8033.0000
91	92	90	0.4205	8033.0000
92	93	91	0.3924	8033.0000
93	94	92	0.4644	8033.0000
94	95	93	0.6338	8033.0000
95	96	94	0.6037	8033.0000
96	97	95	0.4009	8033.0000
97	98	96	0.6075	8033.0000
98	99	97	0.4257	8033.0000
99	100	98	0.3764	8033.0000
100	101	99	0.4865	8033.0000
101	102	100	0.4020	8033.0000
102	103	101	0.5748	8033.0000
103	104	102	0.3800	8033.0000
104	105	103	0.3525	8033.0000
105	106	104	0.7328	8033.0000
106	107	105	0.4895	8033.0000
107	108	106	0.4232	8033.0000
108	109	107	0.3342	8033.0000
109	110	108	0.3854	8033.0000
110	111	109	0.4605	8033.0000
111	112	110	0.5037	8033.0000
112	113	111	0.4236	8033.0000
113	114	112	0.4512	8033.0000
114	115	113	0.4482	8033.0000
115	116	114	0.3834	8033.0000
116	117	115	0.3561	8033.0000
117	118	116	0.4256	8033.0000
119	120	117	0.5186	8033.0000
120	121	118	0.5836	8033.0000
121	122	119	0.4765	8033.0000
122	123	120	0.5048	8033.0000
123	124	121	0.5235	8033.0000
124	125	122	0.5025	8033.0000
125	126	123	0.3696	8033.0000
126	127	124	0.4168	8033.0000
127	128	125	0.3581	8033.0000
128	129	126	0.4848	8033.0000
129	130	127	0.4297	8033.0000
130	131	128	0.4000	8033.0000
131	132	129	0.4313	8033.0000
132	133	130	0.3740	8033.0000
133	134	131	0.4630	8033.0000
134	135	132	0.3678	8033.0000
135	136	133	0.4906	8033.0000
136	137	134	0.4126	8033.0000
137	138	135	0.4396	8033.0000
138	139	136	0.4191	8033.0000
139	140	137	0.4951	8033.0000
140	141	138	0.4503	8033.0000
141	142	139	0.5763	8033.0000
142	143	140	0.5083	8033.0000
143	144	141	0.4053	8033.0000
144	145	142	0.3947	8033.0000
145	146	143	0.5022	8033.0000
146	147	144	0.4324	8033.0000
147	148	145	0.4164	8033.0000
148	149	146	0.3800	8033.0000
149	150	147	0.3800	8033.0000
150	151	148	0.5681	8033.0000
151	152	149	0.3870	8033.0000
152	153	150	0.6553	8033.0000
153	154	151	0.5969	8033.0000
154	155	152	0.7366	8033.0000
155	156	153	0.5944	8033.0000
156	157	154	0.5103	8033.0000
157	158	155	0.4821	8033.0000
158	159	156	0.4009	8033.0000
159	160	157	0.6177	8033.0000
160	161	158	0.4597	8033.0000
161	162	159	0.3813	8033.0000
162	163	160	0.6759	8033.0000
163	164	161	0.5957	8033.0000
164	165	162	0.4479	8033.0000
165	166	163	0.4445	8033.0000
166	167	164	0.4610	8033.0000
167	168	165	0.5514	8033.0000
168	169	166	0.3800	8033.0000
169	170	167	0.3800	8033.0000
170	171	168	0.3692	8033.0000
171	172	169	0.4770	8033.0000
172	173	170	0.5062	8033.0000
173	174	171	0.3365	8033.0000
174	175	172	0.4197	8033.0000
175	176	173	0.3493	8033.0000
176	177	174	0.3917	8033.0000
177	178	175	0.4693	8033.0000
178	179	176	0.5088	8033.0000
179	180	177	0.4284	8033.0000
180	181	178	0.5693	8033.0000
181	182	179	0.3725	8033.0000
182	183	180	0.3755	8033.0000
183	184	181	0.3959	8033.0000
184	185	182	0.4085	8033.0000
185	186	183	0.3797	8033.0000
186	187	184	0.3858	8033.0000
187	188	185	0.3684	8033.0000
188	189	186	0.4842	8033.0000
189	190	187	0.5791	8033.0000
190	191	188	0.4871	8033.0000
191	192	189	0.3964	8033.0000
192	193	190	0.4544	8033.0000
193	194	191	0.5570	8033.0000
194	195	192	0.4277	8033.0000
195	196	193	0.4166	8033.0000
196	197	194	0.4640	8033.0000
197	198	195	0.5297	8033.0000
198	199	196	0.5416	8033.0000
199	200	197	0.4446	8033.0000
200	201	198	0.5820	8033.0000
201	202	199	0.4791	8033.0000
202	203	200	0.3853	8033.0000
203	204	201	0.4748	8033.0000
204	205	202	0.6139	8033.0000
205	206	203	0.5469	8033.0000
206	207	204	0.5565	8033.0000
207	208	205	0.4774	8033.0000
208	209	206	0.4402	8033.0000
209	210	207	0.3990	8033.0000
210	211	208	0.3562	8033.0000
211	212	209	0.4200	8033.0000
212	213	210	0.5517	8033.0000
213	214	211	0.4943	8033.0000
214	215	212	0.6122	8033.0000
215	216	213	0.4743	8033.0000
216	217	214	0.4811	8033.0000
217	218	215	0.3557	8033.0000
218	219	216	0.2993	8033.0000
219	220	217	0.3922	8033.0000
220	221	218	0.5633	8033.0000
221	222	219	0.4849	8033.0000
222	223	220	0.4633	8033.0000
223	224	221	0.4475	8033.0000
224	225	222	0.5052	8033.0000
225	226	223	0.6718	8033.0000
226	227	224	0.2981	8033.0000
227	228	225	0.3981	8033.0000
