i j d[nm] fc
1 3 0.7516 700.0000
1 25 0.7545 700.0000
1 26 0.5874 700.0000
2 4 0.6971 700.0000
2 24 0.7960 700.0000
2 25 0.5810 700.0000
2 26 0.4876 500.0000
2 27 0.6294 700.0000
2 98 0.7639 700.0000
2 104 0.8407 250.0000
2 105 0.5065 700.0000
3 5 0.5739 700.0000
3 23 0.7670 700.0000
3 24 0.7068 700.0000
3 25 0.5348 700.0000
3 26 0.7949 700.0000
3 105 0.7873 700.0000
3 107 0.7820 700.0000
4 6 0.6722 700.0000
4 22 0.5552 700.0000
4 23 0.6680 700.0000
4 24 0.5733 700.0000
4 25 0.6843 700.0000
4 27 0.8412 700.0000
4 34 0.8606 700.0000
4 96 0.5589 700.0000
4 97 0.6642 700.0000
4 98 0.7861 700.0000
4 105 0.7022 700.0000
4 106 0.7771 700.0000
4 107 0.5178 700.0000
4 108 0.7730 700.0000
5 7 0.7341 700.0000
5 21 0.7686 700.0000
5 22 0.6740 700.0000
5 23 0.5679 700.0000
5 24 0.7552 700.0000
5 25 0.8046 700.0000
5 96 0.8831 700.0000
5 107 0.7331 700.0000
5 108 0.6329 700.0000
5 109 0.8940 700.0000
6 8 0.6721 700.0000
6 20 0.6938 700.0000
6 21 0.4992 700.0000
6 22 0.5312 700.0000
6 23 0.8538 700.0000
6 36 0.8951 700.0000
6 79 0.8826 700.0000
6 95 0.7854 700.0000
6 96 0.5630 700.0000
6 107 0.5546 700.0000
6 108 0.4484 700.0000
6 109 0.4980 700.0000
6 110 0.5691 700.0000
7 9 0.6445 700.0000
7 10 0.7545 700.0000
7 20 0.5784 700.0000
7 21 0.4452 700.0000
7 22 0.7903 700.0000
7 108 0.7302 700.0000
7 109 0.7115 700.0000
7 110 0.5708 700.0000
8 10 0.5603 700.0000
8 20 0.7490 700.0000
8 21 0.7522 700.0000
8 108 0.8015 700.0000
8 109 0.7280 700.0000
8 110 0.5444 700.0000
8 111 0.7004 700.0000
8 112 0.8897 700.0000
9 11 0.7689 700.0000
9 109 0.8324 700.0000
9 110 0.6037 700.0000
9 111 0.5071 700.0000
9 112 0.7163 700.0000
9 113 0.7991 700.0000
10 12 0.6190 700.0000
10 18 0.6713 700.0000
10 20 0.7774 700.0000
10 110 0.7365 700.0000
10 111 0.6914 700.0000
10 112 0.5561 700.0000
10 113 0.6637 700.0000
11 13 0.6707 700.0000
11 112 0.7222 700.0000
11 113 0.4805 700.0000
11 114 0.7022 700.0000
11 115 0.6397 700.0000
11 116 0.8937 700.0000
11 117 0.7409 700.0000
11 118 0.8321 700.0000
12 14 0.7272 700.0000
12 15 0.8356 700.0000
12 16 0.6200 700.0000
12 17 0.6618 700.0000
12 18 0.6533 700.0000
12 86 0.7071 700.0000
12 112 0.7678 700.0000
12 113 0.7061 700.0000
12 114 0.6625 700.0000
12 115 0.7255 700.0000
13 15 0.7466 700.0000
13 16 0.6851 700.0000
13 86 0.8134 700.0000
13 113 0.8900 700.0000
13 114 0.6962 700.0000
13 115 0.5220 700.0000
13 116 0.5133 700.0000
13 117 0.6457 700.0000
13 118 0.8836 700.0000
14 16 0.5741 700.0000
14 85 0.7789 700.0000
14 86 0.5511 700.0000
14 87 0.6633 700.0000
14 88 0.8220 700.0000
14 114 0.5959 700.0000
14 115 0.6153 700.0000
14 116 0.6387 700.0000
15 17 0.6789 700.0000
15 84 0.6951 700.0000
15 85 0.4475 700.0000
15 86 0.4680 700.0000
15 87 0.7455 700.0000
15 114 0.8906 700.0000
16 18 0.7191 700.0000
16 83 0.8251 700.0000
16 84 0.6097 700.0000
16 85 0.5530 700.0000
16 86 0.4403 700.0000
16 87 0.8568 700.0000
16 114 0.8637 700.0000
17 19 0.7758 700.0000
17 67 0.8985 700.0000
17 82 0.6165 700.0000
17 83 0.6086 700.0000
17 84 0.5199 700.0000
17 85 0.7220 700.0000
17 86 0.6095 700.0000
18 20 0.6023 700.0000
18 81 0.7464 700.0000
18 82 0.5796 700.0000
18 83 0.4876 700.0000
18 84 0.7059 700.0000
18 86 0.7298 700.0000
18 112 0.7589 700.0000
19 21 0.6719 700.0000
19 69 0.8431 700.0000
19 71 0.7493 700.0000
19 79 0.8475 700.0000
19 80 0.5169 700.0000
19 81 0.6475 700.0000
19 82 0.4887 700.0000
19 83 0.7848 700.0000
20 22 0.7781 700.0000
20 36 0.7601 700.0000
20 79 0.8090 700.0000
20 80 0.6816 700.0000
20 81 0.4564 700.0000
20 82 0.7662 700.0000
20 83 0.7353 700.0000
20 94 0.7041 700.0000
20 96 0.8872 700.0000
20 110 0.6358 700.0000
20 112 0.8601 700.0000
21 23 0.7795 700.0000
21 36 0.8653 700.0000
21 78 0.6683 700.0000
21 79 0.5686 700.0000
21 80 0.5321 700.0000
21 81 0.7552 700.0000
21 96 0.7969 700.0000
21 110 0.8009 700.0000
22 24 0.6263 700.0000
22 29 0.8711 700.0000
22 34 0.6870 700.0000
22 36 0.7217 700.0000
22 77 0.8579 700.0000
22 78 0.5767 700.0000
22 79 0.4116 700.0000
22 80 0.6808 700.0000
22 81 0.8795 700.0000
22 96 0.5164 700.0000
22 97 0.7779 700.0000
22 107 0.7910 700.0000
23 25 0.5599 700.0000
23 29 0.8005 700.0000
23 76 0.6023 700.0000
23 77 0.5005 700.0000
23 78 0.5193 700.0000
23 79 0.7239 700.0000
24 26 0.7018 500.0000
24 27 0.5731 700.0000
24 29 0.5637 700.0000
24 76 0.7409 700.0000
24 77 0.4567 700.0000
24 78 0.6598 700.0000
24 79 0.7751 700.0000
25 27 0.5908 700.0000
25 29 0.8510 700.0000
25 77 0.6937 700.0000
26 28 0.7279 250.0000
27 29 0.5744 700.0000
27 30 0.8145 250.0000
27 31 0.7284 250.0000
27 32 0.5949 250.0000
27 77 0.7998 250.0000
27 98 0.6451 250.0000
27 105 0.8329 250.0000
28 30 0.5528 250.0000
28 31 0.4866 250.0000
28 32 0.6632 250.0000
28 77 0.8906 250.0000
29 31 0.7137 250.0000
29 32 0.7566 700.0000
29 34 0.7572 250.0000
29 52 0.8081 250.0000
29 53 0.4900 250.0000
29 54 0.8102 250.0000
29 72 0.7936 250.0000
29 73 0.8072 250.0000
29 74 0.5858 250.0000
29 75 0.8705 250.0000
29 76 0.8175 250.0000
29 77 0.5030 250.0000
29 78 0.7284 250.0000
29 79 0.7636 250.0000
30 32 0.7382 250.0000
30 52 0.6357 250.0000
30 53 0.4582 250.0000
30 54 0.6079 250.0000
30 55 0.7560 250.0000
30 74 0.7068 250.0000
30 77 0.8822 250.0000
31 33 0.8282 250.0000
31 52 0.7511 250.0000
31 53 0.7605 250.0000
31 98 0.8948 250.0000
32 34 0.8246 700.0000
32 52 0.8410 700.0000
32 53 0.8704 250.0000
32 98 0.4904 700.0000
32 99 0.5474 250.0000
32 100 0.6455 700.0000
33 35 0.6805 250.0000
33 49 0.8880 250.0000
33 50 0.4866 250.0000
33 51 0.5539 250.0000
33 52 0.4318 250.0000
33 53 0.7144 250.0000
33 55 0.8977 250.0000
33 57 0.6906 250.0000
33 58 0.8354 250.0000
33 98 0.8905 250.0000
33 99 0.6045 250.0000
34 36 0.5884 700.0000
34 49 0.7939 700.0000
34 50 0.6885 700.0000
34 51 0.4868 700.0000
34 52 0.7426 700.0000
34 53 0.6965 250.0000
34 70 0.8327 700.0000
34 79 0.6691 700.0000
34 96 0.6583 700.0000
34 97 0.5317 700.0000
34 98 0.7253 700.0000
34 99 0.6920 250.0000
35 37 0.7057 700.0000
35 47 0.6535 700.0000
35 48 0.8376 700.0000
35 49 0.5446 700.0000
35 50 0.5251 700.0000
35 51 0.7585 700.0000
35 96 0.7153 700.0000
35 97 0.4359 700.0000
35 98 0.7844 700.0000
35 99 0.5722 250.0000
35 100 0.8884 700.0000
35 101 0.7853 700.0000
35 103 0.6055 250.0000
35 106 0.8678 700.0000
35 214 0.7572 250.0000
36 47 0.8417 700.0000
36 48 0.6299 700.0000
36 49 0.5818 700.0000
36 50 0.8263 700.0000
36 51 0.7493 700.0000
36 70 0.6312 700.0000
36 79 0.7534 700.0000
36 81 0.4882 700.0000
36 94 0.7861 700.0000
36 95 0.8246 700.0000
36 96 0.5296 700.0000
36 97 0.6582 700.0000
37 39 0.7371 700.0000
37 45 0.5995 700.0000
37 46 0.6797 700.0000
37 47 0.6461 700.0000
37 48 0.6009 700.0000
37 49 0.7185 700.0000
37 93 0.8076 700.0000
37 94 0.6824 700.0000
37 95 0.4941 700.0000
37 96 0.6908 700.0000
37 97 0.7213 700.0000
37 103 0.8348 250.0000
37 106 0.7757 700.0000
37 216 0.8087 700.0000
38 40 0.5959 700.0000
38 43 0.8838 700.0000
38 44 0.8573 700.0000
38 45 0.7304 700.0000
38 46 0.3856 700.0000
38 48 0.6542 700.0000
38 90 0.7106 700.0000
38 91 0.8383 700.0000
38 92 0.6001 700.0000
38 93 0.6625 700.0000
38 94 0.4949 700.0000
38 95 0.8007 700.0000
39 41 0.6167 700.0000
39 42 0.6766 700.0000
39 43 0.5962 700.0000
39 44 0.5842 700.0000
39 45 0.5275 700.0000
39 46 0.6878 700.0000
39 92 0.6532 700.0000
39 93 0.4684 700.0000
39 94 0.7524 700.0000
39 95 0.6276 700.0000
39 156 0.8393 700.0000
40 42 0.7034 700.0000
40 43 0.4153 700.0000
40 44 0.7325 700.0000
40 45 0.8756 700.0000
40 46 0.6438 700.0000
40 89 0.7591 700.0000
40 90 0.8364 700.0000
40 91 0.6851 700.0000
40 92 0.6254 700.0000
40 93 0.7892 700.0000
41 43 0.5030 700.0000
41 91 0.8086 700.0000
41 92 0.7060 700.0000
41 93 0.7532 700.0000
42 44 0.6787 700.0000
42 203 0.8577 700.0000
43 45 0.7957 700.0000
43 46 0.7972 700.0000
43 218 0.8727 700.0000
44 46 0.6309 700.0000
44 203 0.8992 700.0000
44 205 0.6583 700.0000
44 216 0.6368 700.0000
44 217 0.5944 700.0000
44 218 0.5504 700.0000
44 219 0.7033 700.0000
45 47 0.8808 700.0000
45 95 0.7713 700.0000
45 156 0.8752 700.0000
45 162 0.8190 700.0000
45 205 0.6595 700.0000
45 207 0.8992 700.0000
45 215 0.8503 700.0000
45 216 0.4428 700.0000
45 217 0.6955 700.0000
45 218 0.8217 700.0000
46 48 0.6853 700.0000
46 61 0.8608 700.0000
46 94 0.8652 700.0000
46 216 0.7970 700.0000
47 49 0.3978 700.0000
47 50 0.6774 700.0000
47 59 0.7316 700.0000
47 61 0.5737 700.0000
47 208 0.8941 700.0000
47 212 0.8771 700.0000
47 213 0.6171 700.0000
47 214 0.5078 250.0000
47 215 0.6896 700.0000
47 216 0.7782 700.0000
48 50 0.8468 700.0000
48 59 0.8587 700.0000
48 60 0.7365 700.0000
48 61 0.5699 700.0000
48 62 0.6653 700.0000
48 68 0.7097 700.0000
48 70 0.7890 700.0000
48 81 0.7613 700.0000
48 94 0.8397 700.0000
49 51 0.7509 700.0000
49 58 0.8091 700.0000
49 59 0.6133 700.0000
49 60 0.6540 700.0000
49 61 0.6705 700.0000
49 68 0.8879 700.0000
49 70 0.6816 700.0000
49 81 0.8770 700.0000
49 213 0.8738 700.0000
49 214 0.7376 250.0000
50 52 0.7770 500.0000
50 57 0.7579 700.0000
50 58 0.6421 700.0000
50 59 0.5577 700.0000
50 60 0.7874 700.0000
50 70 0.8043 700.0000
50 99 0.8176 250.0000
50 212 0.7803 700.0000
50 214 0.6949 250.0000
51 53 0.5517 250.0000
51 54 0.8594 250.0000
51 55 0.7739 250.0000
51 56 0.5822 250.0000
51 57 0.5703 250.0000
51 58 0.5809 500.0000
51 60 0.8809 250.0000
51 70 0.5518 250.0000
51 71 0.7313 250.0000
51 72 0.7388 250.0000
51 79 0.7600 250.0000
52 54 0.6346 250.0000
52 55 0.4820 250.0000
52 56 0.6034 250.0000
52 57 0.4825 700.0000
52 58 0.7803 250.0000
52 72 0.8934 250.0000
53 55 0.5587 250.0000
53 56 0.5627 250.0000
53 57 0.7527 250.0000
53 71 0.8797 250.0000
53 72 0.5940 250.0000
53 73 0.8572 250.0000
53 74 0.6887 250.0000
53 77 0.8908 250.0000
53 78 0.8988 250.0000
53 79 0.7906 250.0000
54 56 0.4732 250.0000
54 57 0.7966 250.0000
54 72 0.6285 250.0000
54 73 0.8347 250.0000
54 74 0.6530 250.0000
55 57 0.4962 250.0000
55 58 0.8550 250.0000
55 72 0.8349 250.0000
56 58 0.6837 250.0000
56 70 0.8087 250.0000
56 71 0.6357 250.0000
56 72 0.5502 250.0000
57 70 0.8814 250.0000
58 60 0.5238 500.0000
58 69 0.8780 250.0000
58 70 0.6283 250.0000
59 61 0.6311 700.0000
59 212 0.6432 700.0000
59 213 0.6843 700.0000
59 214 0.7698 250.0000
60 62 0.6910 700.0000
60 65 0.6817 700.0000
60 66 0.7501 700.0000
60 68 0.5925 700.0000
60 69 0.6800 700.0000
60 70 0.5776 700.0000
61 63 0.8019 700.0000
61 65 0.8410 700.0000
61 119 0.8570 700.0000
61 213 0.6036 700.0000
61 214 0.8818 250.0000
62 64 0.4534 700.0000
62 65 0.5266 700.0000
62 66 0.7075 700.0000
62 67 0.6026 700.0000
62 68 0.5809 700.0000
63 65 0.6870 700.0000
64 66 0.5756 700.0000
64 67 0.4980 700.0000
64 68 0.7432 700.0000
64 84 0.8603 700.0000
64 85 0.8520 700.0000
65 67 0.7825 700.0000
65 68 0.7605 700.0000
66 68 0.4860 700.0000
66 69 0.6065 700.0000
66 82 0.8375 700.0000
66 83 0.8781 700.0000
66 84 0.6690 700.0000
66 85 0.8770 700.0000
67 69 0.7937 700.0000
67 82 0.8102 700.0000
67 83 0.5562 700.0000
67 84 0.3935 700.0000
67 85 0.5316 700.0000
67 86 0.7428 700.0000
67 87 0.8624 700.0000
67 90 0.8005 700.0000
68 70 0.6086 700.0000
68 81 0.6563 700.0000
68 82 0.6334 700.0000
68 83 0.5634 700.0000
68 84 0.6485 700.0000
69 71 0.6532 700.0000
69 81 0.6735 700.0000
69 82 0.4578 700.0000
69 83 0.7447 700.0000
69 84 0.7941 700.0000
70 72 0.8697 700.0000
70 79 0.8273 700.0000
70 80 0.8444 700.0000
70 81 0.5697 700.0000
70 82 0.7637 700.0000
71 73 0.8149 700.0000
71 78 0.8139 700.0000
71 79 0.6147 700.0000
71 80 0.4866 700.0000
71 81 0.8025 700.0000
71 82 0.7627 700.0000
72 74 0.6158 700.0000
72 75 0.8715 700.0000
72 76 0.8549 700.0000
72 77 0.8693 700.0000
72 78 0.6014 700.0000
72 79 0.5506 700.0000
72 80 0.5858 700.0000
73 75 0.4370 700.0000
73 76 0.4502 700.0000
73 77 0.6099 700.0000
73 78 0.4724 700.0000
73 79 0.7209 700.0000
73 80 0.7242 700.0000
74 76 0.5559 700.0000
74 77 0.5094 700.0000
74 78 0.6733 700.0000
74 79 0.8803 700.0000
75 77 0.5475 700.0000
75 78 0.7436 700.0000
76 78 0.4586 700.0000
76 79 0.8336 700.0000
77 79 0.7880 700.0000
78 80 0.5008 700.0000
79 81 0.7969 700.0000
79 96 0.8191 700.0000
80 82 0.8276 700.0000
81 83 0.5685 700.0000
81 94 0.7016 700.0000
81 96 0.8814 700.0000
82 84 0.6050 700.0000
83 85 0.7495 700.0000
83 86 0.6383 700.0000
83 90 0.6748 700.0000
83 94 0.7758 700.0000
83 112 0.8360 700.0000
84 86 0.5533 700.0000
84 87 0.8716 700.0000
84 90 0.8525 700.0000
85 87 0.6368 700.0000
85 90 0.8279 700.0000
86 88 0.7725 700.0000
86 89 0.8929 700.0000
86 90 0.5644 700.0000
86 91 0.8834 700.0000
86 112 0.8393 700.0000
86 114 0.5891 700.0000
87 89 0.4791 700.0000
87 90 0.4580 700.0000
87 91 0.7291 700.0000
87 114 0.5913 700.0000
88 90 0.5760 700.0000
88 91 0.5389 700.0000
88 113 0.8813 700.0000
88 114 0.5405 700.0000
88 115 0.8310 700.0000
89 91 0.6361 700.0000
89 114 0.8280 700.0000
90 92 0.6465 700.0000
90 94 0.7477 700.0000
90 112 0.6516 700.0000
90 113 0.8553 700.0000
90 114 0.6331 700.0000
91 93 0.8069 700.0000
91 94 0.8121 700.0000
91 111 0.8032 700.0000
91 112 0.5294 700.0000
91 113 0.5632 700.0000
91 114 0.5333 700.0000
91 115 0.8996 700.0000
92 94 0.4760 700.0000
92 95 0.8723 700.0000
92 110 0.7165 700.0000
92 111 0.5560 700.0000
92 112 0.4728 700.0000
92 113 0.7219 700.0000
92 114 0.8619 700.0000
93 95 0.5253 700.0000
93 109 0.6096 700.0000
93 110 0.5435 700.0000
93 111 0.5257 700.0000
93 112 0.7173 700.0000
94 109 0.7661 700.0000
94 110 0.5266 700.0000
94 111 0.7118 700.0000
94 112 0.6019 700.0000
95 97 0.8011 500.0000
95 106 0.6180 700.0000
95 107 0.5897 700.0000
95 108 0.7298 700.0000
95 109 0.5128 700.0000
95 110 0.6632 700.0000
95 161 0.6322 700.0000
95 162 0.7479 700.0000
96 106 0.6197 700.0000
96 107 0.4769 700.0000
96 108 0.7621 700.0000
96 109 0.7420 700.0000
96 110 0.8560 700.0000
97 99 0.6621 250.0000
97 100 0.8660 250.0000
97 103 0.5857 250.0000
97 104 0.8238 250.0000
97 105 0.7648 250.0000
97 106 0.5267 250.0000
97 107 0.6838 250.0000
98 100 0.4641 700.0000
98 101 0.8339 250.0000
98 102 0.7923 250.0000
98 103 0.7846 250.0000
98 104 0.6402 250.0000
98 105 0.4935 700.0000
98 106 0.8954 250.0000
99 101 0.5249 250.0000
99 102 0.6861 250.0000
99 103 0.6514 250.0000
99 104 0.8401 250.0000
99 105 0.8491 250.0000
100 102 0.4183 700.0000
100 103 0.6904 250.0000
100 104 0.6307 250.0000
100 105 0.7178 250.0000
101 103 0.5098 250.0000
101 104 0.8642 250.0000
101 150 0.8168 250.0000
101 152 0.6541 250.0000
101 167 0.8924 250.0000
101 168 0.7323 250.0000
101 207 0.6982 250.0000
101 208 0.8276 250.0000
101 209 0.5152 250.0000
101 214 0.7509 250.0000
102 104 0.5744 250.0000
102 105 0.8433 250.0000
102 152 0.6168 250.0000
102 154 0.8804 250.0000
102 164 0.7071 250.0000
102 167 0.5708 250.0000
102 168 0.6623 250.0000
102 173 0.8802 250.0000
102 207 0.8240 250.0000
102 209 0.8296 250.0000
103 105 0.8690 250.0000
103 106 0.6051 250.0000
103 152 0.7493 250.0000
103 154 0.7143 250.0000
103 162 0.8165 250.0000
103 164 0.7969 250.0000
103 207 0.6146 250.0000
103 209 0.8607 250.0000
103 214 0.8477 250.0000
103 216 0.8325 250.0000
104 106 0.6774 250.0000
104 164 0.5704 250.0000
104 167 0.8757 250.0000
104 173 0.7374 250.0000
105 107 0.8856 500.0000
106 108 0.8790 700.0000
106 109 0.8985 700.0000
106 154 0.8318 700.0000
106 161 0.5122 700.0000
106 162 0.4989 700.0000
106 164 0.8388 700.0000
107 109 0.5470 700.0000
107 110 0.8559 700.0000
107 161 0.5930 700.0000
107 162 0.8401 700.0000
108 110 0.6599 700.0000
108 161 0.7560 700.0000
109 111 0.6670 700.0000
109 161 0.7592 700.0000
110 112 0.6610 700.0000
111 113 0.6574 700.0000
112 114 0.6152 700.0000
113 115 0.6076 700.0000
113 117 0.8942 700.0000
114 116 0.7838 700.0000
114 117 0.8717 700.0000
115 117 0.4330 700.0000
115 118 0.8210 700.0000
116 118 0.7373 700.0000
119 121 0.8242 700.0000
119 144 0.8718 700.0000
119 145 0.8439 700.0000
119 211 0.7960 700.0000
119 213 0.5386 700.0000
119 215 0.7923 700.0000
120 122 0.6510 700.0000
120 143 0.6448 700.0000
120 144 0.5252 700.0000
120 145 0.5360 700.0000
120 146 0.8165 250.0000
120 147 0.7418 700.0000
120 208 0.6230 700.0000
120 210 0.8087 700.0000
120 211 0.6391 700.0000
120 213 0.6862 500.0000
120 215 0.5853 700.0000
121 123 0.5166 700.0000
121 142 0.8346 700.0000
121 143 0.6360 700.0000
121 144 0.5237 700.0000
121 145 0.8542 700.0000
121 215 0.7894 700.0000
121 217 0.7793 700.0000
122 124 0.6373 700.0000
122 141 0.5470 700.0000
122 142 0.7810 700.0000
122 143 0.5724 700.0000
122 144 0.7467 700.0000
122 151 0.8493 700.0000
122 189 0.8731 700.0000
122 206 0.5311 700.0000
122 207 0.8028 700.0000
122 208 0.7174 700.0000
122 215 0.5930 700.0000
122 216 0.7221 700.0000
122 217 0.4784 700.0000
122 218 0.7367 700.0000
122 219 0.8872 700.0000
123 125 0.6807 700.0000
123 140 0.7350 700.0000
123 141 0.5803 700.0000
123 142 0.5211 700.0000
123 143 0.6645 700.0000
123 144 0.7942 700.0000
123 206 0.8477 700.0000
123 217 0.7214 700.0000
123 218 0.7447 700.0000
123 219 0.8535 700.0000
124 126 0.6534 700.0000
124 127 0.6759 700.0000
124 139 0.7461 700.0000
124 140 0.5615 700.0000
124 141 0.5243 700.0000
124 142 0.8630 700.0000
124 153 0.8769 700.0000
124 205 0.7276 700.0000
124 206 0.5836 700.0000
124 217 0.5196 700.0000
124 218 0.4721 700.0000
124 219 0.4042 700.0000
124 220 0.5630 700.0000
125 127 0.6717 700.0000
125 128 0.8786 700.0000
125 138 0.8104 700.0000
125 139 0.6293 700.0000
125 140 0.3594 700.0000
125 141 0.6865 700.0000
125 142 0.7930 700.0000
125 219 0.7794 700.0000
125 220 0.7097 700.0000
126 128 0.5221 700.0000
126 129 0.6136 700.0000
126 138 0.8302 700.0000
126 139 0.6503 700.0000
126 140 0.6556 700.0000
126 219 0.7315 700.0000
126 220 0.5426 700.0000
126 221 0.8965 700.0000
127 129 0.7314 700.0000
127 218 0.7166 700.0000
127 219 0.5353 700.0000
127 220 0.4756 700.0000
127 221 0.6642 700.0000
128 130 0.7535 700.0000
128 219 0.8324 700.0000
128 220 0.6268 700.0000
128 221 0.5673 700.0000
128 222 0.7625 700.0000
128 223 0.7785 700.0000
129 131 0.5748 700.0000
129 137 0.8110 700.0000
129 138 0.8874 700.0000
129 139 0.8170 700.0000
129 220 0.7147 700.0000
129 221 0.7021 700.0000
129 222 0.5363 700.0000
129 223 0.5831 700.0000
129 224 0.8973 700.0000
130 132 0.7144 700.0000
130 221 0.8723 700.0000
130 222 0.6799 700.0000
130 223 0.4117 700.0000
130 224 0.6358 700.0000
130 225 0.5270 700.0000
131 133 0.6566 700.0000
131 134 0.8047 700.0000
131 135 0.5676 700.0000
131 137 0.7340 700.0000
131 196 0.6452 700.0000
131 200 0.8720 700.0000
131 222 0.6359 700.0000
131 223 0.5504 700.0000
131 224 0.5107 700.0000
131 225 0.5376 700.0000
132 134 0.5563 700.0000
132 135 0.4254 700.0000
132 195 0.8978 700.0000
132 196 0.6658 700.0000
132 223 0.8975 700.0000
132 224 0.6670 700.0000
132 225 0.4994 700.0000
133 135 0.5869 700.0000
133 195 0.7370 700.0000
133 196 0.5479 700.0000
133 197 0.6842 700.0000
133 198 0.6426 700.0000
133 224 0.6795 700.0000
133 225 0.7117 700.0000
134 136 0.6518 700.0000
134 137 0.8393 700.0000
134 193 0.8639 700.0000
134 194 0.7290 700.0000
134 195 0.4152 700.0000
134 196 0.4792 700.0000
134 197 0.7542 700.0000
135 137 0.6166 700.0000
135 193 0.8025 700.0000
135 194 0.8172 700.0000
135 195 0.6456 700.0000
135 196 0.5388 700.0000
135 225 0.8918 700.0000
136 138 0.6980 700.0000
136 192 0.7403 700.0000
136 193 0.6101 700.0000
136 194 0.5202 700.0000
136 195 0.6528 700.0000
136 196 0.7084 700.0000
137 139 0.6455 700.0000
137 191 0.7467 700.0000
137 192 0.5734 700.0000
137 193 0.3974 700.0000
137 194 0.7086 700.0000
137 195 0.7925 700.0000
137 196 0.6444 700.0000
137 222 0.8881 700.0000
138 140 0.6763 700.0000
138 190 0.6296 700.0000
138 191 0.6290 700.0000
138 192 0.5571 700.0000
138 193 0.6989 700.0000
139 141 0.7903 700.0000
139 153 0.7442 700.0000
139 190 0.6019 700.0000
139 191 0.4590 700.0000
139 192 0.6623 700.0000
139 193 0.7598 700.0000
139 204 0.6902 700.0000
139 219 0.8966 700.0000
139 220 0.6282 700.0000
139 222 0.8695 700.0000
140 142 0.6849 700.0000
140 153 0.8579 700.0000
140 188 0.7796 700.0000
140 189 0.7393 700.0000
140 190 0.5628 700.0000
140 191 0.7701 700.0000
140 206 0.8483 700.0000
140 220 0.8223 700.0000
141 143 0.6625 700.0000
141 151 0.7274 700.0000
141 153 0.7025 700.0000
141 187 0.7864 700.0000
141 188 0.6768 700.0000
141 189 0.4851 700.0000
141 190 0.6819 700.0000
141 191 0.8837 700.0000
141 206 0.5310 700.0000
141 217 0.7641 700.0000
141 219 0.8942 700.0000
142 144 0.7570 700.0000
142 186 0.8858 700.0000
142 187 0.5376 700.0000
142 188 0.4599 700.0000
142 189 0.7273 700.0000
143 145 0.6133 700.0000
143 146 0.6774 250.0000
143 147 0.6750 700.0000
143 186 0.7532 700.0000
143 187 0.4215 700.0000
143 188 0.6554 700.0000
143 189 0.7104 700.0000
143 208 0.8973 700.0000
144 146 0.7534 250.0000
144 147 0.8799 700.0000
144 187 0.7179 700.0000
145 147 0.7383 700.0000
145 187 0.8035 700.0000
145 211 0.8862 700.0000
146 148 0.5643 250.0000
146 150 0.8569 250.0000
146 186 0.6375 250.0000
146 187 0.6385 250.0000
146 210 0.7793 250.0000
147 149 0.6893 250.0000
147 150 0.4743 250.0000
147 151 0.6674 250.0000
147 186 0.7225 500.0000
147 187 0.7343 250.0000
147 189 0.7997 250.0000
147 208 0.6142 250.0000
147 209 0.7013 250.0000
147 210 0.5080 250.0000
147 211 0.7250 250.0000
148 150 0.4639 250.0000
148 151 0.8047 250.0000
148 168 0.8448 250.0000
148 169 0.8544 250.0000
148 186 0.6533 250.0000
148 187 0.8699 250.0000
148 189 0.8925 250.0000
148 209 0.8746 250.0000
148 210 0.7048 250.0000
149 151 0.6655 250.0000
149 152 0.8195 250.0000
149 168 0.4886 250.0000
149 169 0.5400 250.0000
149 170 0.8250 250.0000
149 171 0.8841 250.0000
149 184 0.8656 250.0000
149 186 0.8681 250.0000
149 189 0.8769 250.0000
149 209 0.8648 250.0000
149 210 0.8870 250.0000
150 152 0.6552 250.0000
150 168 0.5091 250.0000
150 169 0.7688 250.0000
150 207 0.8380 250.0000
150 208 0.6660 250.0000
150 209 0.4634 250.0000
150 210 0.5058 250.0000
150 211 0.8394 250.0000
151 153 0.6162 700.0000
151 154 0.8969 700.0000
151 166 0.7946 700.0000
151 167 0.8660 700.0000
151 168 0.6760 250.0000
151 169 0.5204 250.0000
151 183 0.8780 700.0000
151 184 0.8926 700.0000
151 189 0.5617 700.0000
151 206 0.6443 700.0000
151 207 0.5923 700.0000
151 208 0.6761 500.0000
151 209 0.7529 250.0000
152 154 0.6581 700.0000
152 164 0.7910 700.0000
152 166 0.6671 700.0000
152 167 0.6240 700.0000
152 168 0.5636 250.0000
152 169 0.7021 250.0000
152 206 0.7264 700.0000
152 207 0.4314 700.0000
152 208 0.7107 700.0000
152 209 0.6600 250.0000
153 164 0.8599 700.0000
153 165 0.6793 700.0000
153 166 0.5664 700.0000
153 169 0.7747 250.0000
153 181 0.8854 700.0000
153 182 0.7466 700.0000
153 183 0.8356 700.0000
153 189 0.7793 700.0000
153 190 0.7069 700.0000
153 191 0.5070 700.0000
153 192 0.8850 700.0000
153 204 0.7457 700.0000
153 205 0.7552 700.0000
153 206 0.5179 700.0000
153 207 0.7880 700.0000
154 156 0.8281 700.0000
154 162 0.5539 700.0000
154 163 0.7681 700.0000
154 164 0.4898 700.0000
154 165 0.6214 700.0000
154 166 0.7416 700.0000
154 204 0.8096 700.0000
154 205 0.5919 700.0000
154 206 0.6806 700.0000
154 207 0.6315 700.0000
154 216 0.7829 700.0000
155 157 0.5868 700.0000
155 160 0.8064 700.0000
155 161 0.8973 700.0000
155 162 0.7088 700.0000
155 163 0.4239 700.0000
155 164 0.8176 700.0000
155 165 0.6517 700.0000
155 180 0.8612 700.0000
155 199 0.8785 700.0000
155 200 0.7027 700.0000
155 201 0.7916 700.0000
155 202 0.6758 700.0000
155 203 0.6714 700.0000
155 204 0.5142 700.0000
155 205 0.8229 700.0000
156 158 0.6672 700.0000
156 159 0.8518 700.0000
156 160 0.5634 700.0000
156 161 0.6104 700.0000
156 162 0.5025 700.0000
156 163 0.8109 700.0000
156 202 0.6715 700.0000
156 203 0.4798 700.0000
156 204 0.7572 700.0000
156 205 0.6518 700.0000
157 159 0.7920 700.0000
157 160 0.4597 700.0000
157 161 0.8209 700.0000
157 162 0.8608 700.0000
157 163 0.7789 700.0000
157 201 0.5646 700.0000
157 202 0.5813 700.0000
157 203 0.7079 700.0000
157 204 0.8904 700.0000
158 160 0.5726 700.0000
158 201 0.8377 700.0000
158 202 0.7927 700.0000
158 203 0.8672 700.0000
159 161 0.8868 700.0000
160 162 0.6883 700.0000
160 163 0.7898 700.0000
161 163 0.7906 700.0000
162 164 0.7242 700.0000
162 203 0.8905 700.0000
162 205 0.7399 700.0000
163 165 0.5803 700.0000
163 173 0.8526 700.0000
163 175 0.8306 700.0000
163 176 0.7070 700.0000
164 166 0.6217 700.0000
164 167 0.6634 700.0000
164 172 0.8832 700.0000
164 173 0.5482 700.0000
164 174 0.8381 700.0000
164 176 0.7986 700.0000
165 167 0.7641 700.0000
165 172 0.7749 700.0000
165 173 0.6368 700.0000
165 174 0.8955 700.0000
165 175 0.8588 700.0000
165 176 0.5703 700.0000
165 177 0.8045 700.0000
165 180 0.5895 700.0000
165 181 0.8749 700.0000
165 191 0.8022 700.0000
165 204 0.8380 700.0000
166 168 0.8483 250.0000
166 169 0.6748 250.0000
166 170 0.6062 250.0000
166 171 0.6481 700.0000
166 172 0.5954 700.0000
166 173 0.7046 700.0000
166 176 0.8388 700.0000
166 180 0.7751 700.0000
166 181 0.7295 700.0000
166 182 0.6007 700.0000
166 183 0.8903 700.0000
166 191 0.7537 700.0000
167 169 0.7550 250.0000
167 170 0.6725 250.0000
167 171 0.4699 700.0000
167 172 0.5484 700.0000
167 173 0.6141 700.0000
168 170 0.7856 250.0000
168 171 0.6686 250.0000
168 209 0.7318 250.0000
169 171 0.6661 250.0000
169 182 0.5503 250.0000
169 183 0.5468 250.0000
169 184 0.6003 250.0000
169 189 0.6317 250.0000
169 190 0.8139 250.0000
170 172 0.6701 250.0000
170 181 0.7241 250.0000
170 182 0.4404 250.0000
170 183 0.6524 250.0000
170 184 0.8327 250.0000
171 173 0.8667 700.0000
171 182 0.7685 700.0000
172 174 0.6619 700.0000
172 175 0.8617 700.0000
172 176 0.7177 700.0000
172 182 0.8719 700.0000
173 175 0.5963 700.0000
173 176 0.5596 700.0000
174 176 0.5787 700.0000
175 177 0.5996 700.0000
176 178 0.7281 700.0000
176 179 0.7755 700.0000
176 180 0.6301 700.0000
177 179 0.4392 700.0000
177 180 0.5194 700.0000
177 197 0.8584 700.0000
177 199 0.8545 700.0000
177 200 0.8937 700.0000
178 180 0.6198 700.0000
178 181 0.7910 700.0000
178 194 0.7894 700.0000
179 181 0.8560 700.0000
179 192 0.8685 700.0000
179 193 0.5803 700.0000
179 194 0.6646 700.0000
179 195 0.5953 700.0000
179 196 0.6535 700.0000
179 197 0.5716 700.0000
179 199 0.7851 700.0000
179 200 0.6812 700.0000
180 182 0.8433 700.0000
180 191 0.6707 700.0000
180 192 0.6432 700.0000
180 193 0.5365 700.0000
180 194 0.8209 700.0000
180 196 0.8857 700.0000
180 200 0.7644 700.0000
181 183 0.6549 700.0000
181 190 0.7439 700.0000
181 191 0.5584 700.0000
181 192 0.3935 700.0000
181 193 0.7056 700.0000
181 194 0.8042 700.0000
182 184 0.7312 700.0000
182 189 0.8616 700.0000
182 190 0.6076 700.0000
182 191 0.6046 700.0000
182 192 0.6211 700.0000
183 185 0.7808 700.0000
183 188 0.8794 700.0000
183 189 0.6040 700.0000
183 190 0.4059 700.0000
183 191 0.7015 700.0000
183 192 0.7302 700.0000
184 186 0.6337 700.0000
184 187 0.8344 700.0000
184 188 0.6583 700.0000
184 189 0.5118 700.0000
184 190 0.6518 700.0000
185 187 0.6016 700.0000
185 188 0.4791 700.0000
185 189 0.6370 700.0000
186 188 0.5318 700.0000
186 189 0.6280 700.0000
187 189 0.5940 700.0000
188 190 0.7944 700.0000
189 206 0.8275 700.0000
190 192 0.6037 700.0000
191 193 0.6301 700.0000
191 204 0.7354 700.0000
192 194 0.6872 700.0000
193 195 0.6362 700.0000
193 196 0.5339 700.0000
193 197 0.8363 700.0000
193 200 0.7126 700.0000
193 204 0.8857 700.0000
194 196 0.7078 700.0000
195 197 0.5885 700.0000
196 198 0.7321 700.0000
196 199 0.8383 700.0000
196 200 0.5815 700.0000
196 224 0.8170 700.0000
197 199 0.5037 700.0000
197 200 0.5401 700.0000
198 200 0.6329 700.0000
198 201 0.6926 700.0000
198 224 0.5767 700.0000
199 201 0.6660 700.0000
200 202 0.7591 700.0000
200 204 0.7653 700.0000
200 222 0.6848 700.0000
200 224 0.7957 700.0000
201 203 0.8419 700.0000
201 204 0.8944 700.0000
201 221 0.8602 700.0000
201 222 0.6658 700.0000
201 223 0.7704 700.0000
201 224 0.6930 700.0000
202 204 0.5677 700.0000
202 220 0.7494 700.0000
202 221 0.4668 700.0000
202 222 0.4517 700.0000
202 223 0.7221 700.0000
203 205 0.5460 700.0000
203 218 0.8893 700.0000
203 219 0.6665 700.0000
203 220 0.5721 700.0000
203 221 0.5235 700.0000
203 222 0.6750 700.0000
204 219 0.7813 700.0000
204 220 0.5407 700.0000
204 221 0.7615 700.0000
204 222 0.5928 700.0000
205 207 0.8433 500.0000
205 216 0.6330 700.0000
205 217 0.5569 700.0000
205 218 0.6357 700.0000
205 219 0.5342 700.0000
205 220 0.6694 700.0000
206 208 0.8015 500.0000
206 215 0.7736 700.0000
206 216 0.5914 700.0000
206 217 0.4620 700.0000
206 218 0.7336 700.0000
206 219 0.7258 700.0000
206 220 0.8843 700.0000
207 209 0.6328 250.0000
207 214 0.7475 250.0000
207 215 0.6020 250.0000
207 216 0.5131 250.0000
207 217 0.8017 250.0000
208 210 0.5293 250.0000
208 211 0.5460 250.0000
208 212 0.8370 250.0000
208 213 0.7281 250.0000
208 214 0.5405 250.0000
208 215 0.4351 700.0000
208 216 0.7324 250.0000
209 211 0.5942 250.0000
209 212 0.7471 250.0000
209 214 0.5563 250.0000
209 215 0.8292 250.0000
210 212 0.6430 500.0000
210 213 0.8565 250.0000
210 214 0.6926 250.0000
211 213 0.5280 700.0000
211 214 0.5412 250.0000
211 215 0.7591 700.0000
212 214 0.4990 250.0000
213 215 0.6073 500.0000
214 216 0.8695 250.0000
215 217 0.6815 500.0000
216 218 0.7790 700.0000
217 219 0.5233 700.0000
217 220 0.8605 700.0000
218 220 0.6895 700.0000
219 221 0.7758 700.0000
220 222 0.6479 700.0000
221 223 0.6097 700.0000
222 224 0.6841 700.0000
223 225 0.6549 700.0000
224 226 0.8150 700.0000
225 227 0.7279 700.0000
226 228 0.5033 700.0000
