i j d[nm] fc
1 3 0.5746 700.0000
1 25 0.6649 700.0000
1 26 0.6417 700.0000
1 106 0.8495 700.0000
2 4 0.6878 700.0000
2 24 0.8013 700.0000
2 25 0.5398 700.0000
2 26 0.5118 175.0000
2 27 0.6099 175.0000
2 98 0.7322 175.0000
2 105 0.8114 700.0000
2 106 0.4782 175.0000
3 5 0.6352 700.0000
3 23 0.7354 700.0000
3 24 0.6536 700.0000
3 25 0.4531 700.0000
3 26 0.7582 700.0000
3 27 0.8633 700.0000
3 106 0.8097 700.0000
3 108 0.8211 700.0000
4 6 0.6760 700.0000
4 22 0.5696 700.0000
4 23 0.5549 700.0000
4 24 0.5785 700.0000
4 25 0.6661 700.0000
4 27 0.8219 700.0000
4 96 0.5646 700.0000
4 97 0.7268 700.0000
4 98 0.8116 700.0000
4 106 0.7233 700.0000
4 107 0.7834 700.0000
4 108 0.4929 700.0000
4 109 0.7440 700.0000
5 7 0.6921 700.0000
5 21 0.7197 700.0000
5 22 0.5595 700.0000
5 23 0.4174 700.0000
5 24 0.6947 700.0000
5 25 0.8380 700.0000
5 96 0.8003 700.0000
5 108 0.6835 700.0000
5 109 0.6153 700.0000
5 110 0.8031 700.0000
6 8 0.7966 700.0000
6 9 0.8655 700.0000
6 20 0.7238 700.0000
6 21 0.5943 700.0000
6 22 0.5581 700.0000
6 23 0.7281 700.0000
6 36 0.8332 700.0000
6 94 0.8685 700.0000
6 95 0.7037 700.0000
6 96 0.5731 700.0000
6 108 0.5477 700.0000
6 109 0.4541 700.0000
6 110 0.4299 700.0000
6 111 0.4978 700.0000
7 9 0.5926 700.0000
7 19 0.8126 700.0000
7 20 0.5595 700.0000
7 21 0.3752 700.0000
7 22 0.7253 700.0000
7 23 0.8141 700.0000
7 109 0.8689 700.0000
7 110 0.8269 700.0000
7 111 0.6367 700.0000
8 10 0.6184 700.0000
8 18 0.7269 700.0000
8 19 0.7045 700.0000
8 20 0.4868 700.0000
8 21 0.6326 700.0000
8 111 0.6233 700.0000
8 112 0.8294 700.0000
8 113 0.7688 700.0000
9 11 0.8066 700.0000
9 12 0.8840 700.0000
9 18 0.8161 700.0000
9 20 0.6915 700.0000
9 21 0.8745 700.0000
9 94 0.8868 700.0000
9 111 0.5383 700.0000
9 112 0.5904 700.0000
9 113 0.5959 700.0000
9 114 0.8346 700.0000
10 12 0.5968 700.0000
10 18 0.8509 700.0000
10 92 0.8893 700.0000
10 111 0.7696 700.0000
10 112 0.5428 700.0000
10 113 0.4561 700.0000
10 114 0.5009 700.0000
10 115 0.8244 700.0000
11 13 0.6299 700.0000
11 112 0.8927 700.0000
11 113 0.7415 700.0000
11 114 0.4944 700.0000
11 115 0.7035 700.0000
11 116 0.6271 700.0000
11 118 0.8164 700.0000
12 14 0.6458 700.0000
12 15 0.7922 700.0000
12 16 0.6280 700.0000
12 17 0.6860 700.0000
12 18 0.7614 700.0000
12 86 0.6798 700.0000
12 113 0.6863 700.0000
12 114 0.5801 700.0000
12 115 0.5078 700.0000
12 116 0.6197 700.0000
12 117 0.8883 700.0000
13 15 0.6884 700.0000
13 16 0.6508 700.0000
13 17 0.8621 700.0000
13 86 0.8181 700.0000
13 114 0.8670 700.0000
13 115 0.6743 700.0000
13 116 0.5526 700.0000
13 117 0.6092 700.0000
13 118 0.7777 700.0000
14 16 0.5790 700.0000
14 85 0.8073 700.0000
14 86 0.6016 700.0000
14 87 0.8380 700.0000
14 88 0.7997 700.0000
14 115 0.5885 700.0000
14 116 0.6043 700.0000
14 117 0.6307 700.0000
15 17 0.6440 700.0000
15 84 0.7388 700.0000
15 85 0.4421 700.0000
15 86 0.4793 700.0000
15 87 0.7934 700.0000
15 115 0.8661 700.0000
16 18 0.7319 700.0000
16 83 0.8126 700.0000
16 84 0.6002 700.0000
16 85 0.5019 700.0000
16 86 0.4198 700.0000
16 87 0.8888 700.0000
16 115 0.8242 700.0000
17 19 0.8653 700.0000
17 82 0.6613 700.0000
17 83 0.6645 700.0000
17 84 0.4955 700.0000
17 85 0.6858 700.0000
17 86 0.5877 700.0000
18 20 0.5778 700.0000
18 81 0.6192 700.0000
18 82 0.5235 700.0000
18 83 0.4588 700.0000
18 84 0.6517 700.0000
18 86 0.6869 700.0000
18 90 0.8404 700.0000
18 94 0.8046 700.0000
18 113 0.7187 700.0000
19 21 0.6423 700.0000
19 69 0.8977 700.0000
19 71 0.8486 700.0000
19 79 0.8820 700.0000
19 80 0.5653 700.0000
19 81 0.6506 700.0000
19 82 0.5365 700.0000
20 22 0.7814 700.0000
20 36 0.7209 700.0000
20 79 0.7963 700.0000
20 80 0.6801 700.0000
20 81 0.4511 700.0000
20 82 0.7132 700.0000
20 83 0.8494 700.0000
20 94 0.7290 700.0000
20 111 0.6957 700.0000
20 113 0.8739 700.0000
21 23 0.6457 700.0000
21 36 0.8679 700.0000
21 78 0.6660 700.0000
21 79 0.5652 700.0000
21 80 0.5410 700.0000
21 81 0.7746 700.0000
21 96 0.8425 700.0000
21 111 0.8386 700.0000
22 24 0.6207 700.0000
22 29 0.8597 700.0000
22 34 0.8012 700.0000
22 36 0.7424 700.0000
22 77 0.8088 700.0000
22 78 0.5469 700.0000
22 79 0.4027 700.0000
22 80 0.6771 700.0000
22 96 0.5184 700.0000
22 97 0.8065 700.0000
22 108 0.8071 700.0000
23 25 0.6849 700.0000
23 29 0.8891 700.0000
23 76 0.8741 700.0000
23 77 0.6400 700.0000
23 78 0.5306 700.0000
23 79 0.6480 700.0000
23 80 0.8868 700.0000
23 96 0.8197 700.0000
24 26 0.7058 175.0000
24 27 0.5728 175.0000
24 29 0.6758 175.0000
24 77 0.4222 700.0000
24 78 0.6310 700.0000
24 79 0.7874 700.0000
25 27 0.5444 700.0000
25 28 0.8172 175.0000
25 77 0.7104 700.0000
26 28 0.6803 175.0000
26 77 0.8726 700.0000
27 29 0.6152 175.0000
27 31 0.7043 700.0000
27 32 0.6037 700.0000
27 34 0.8832 700.0000
27 77 0.6766 700.0000
27 98 0.6448 175.0000
27 106 0.8340 700.0000
28 30 0.6284 350.0000
28 31 0.5345 350.0000
28 77 0.5648 175.0000
29 31 0.6679 700.0000
29 32 0.7030 700.0000
29 34 0.6286 175.0000
29 51 0.8491 700.0000
29 72 0.6898 700.0000
29 73 0.7920 700.0000
29 74 0.5432 700.0000
29 77 0.4774 175.0000
29 78 0.6789 700.0000
29 79 0.7079 700.0000
30 74 0.5842 175.0000
31 33 0.8668 175.0000
32 34 0.7175 175.0000
32 53 0.7599 175.0000
32 98 0.5338 175.0000
32 99 0.7004 700.0000
32 100 0.7107 700.0000
32 105 0.8936 700.0000
33 35 0.6994 350.0000
33 50 0.6768 700.0000
33 51 0.6473 700.0000
33 52 0.5056 175.0000
33 53 0.5209 175.0000
33 98 0.8810 700.0000
33 99 0.5520 350.0000
33 100 0.8169 700.0000
34 36 0.7451 700.0000
34 49 0.8743 700.0000
34 50 0.7319 700.0000
34 51 0.5736 350.0000
34 70 0.8951 700.0000
34 79 0.7245 700.0000
34 96 0.6837 700.0000
34 97 0.5112 700.0000
34 98 0.6463 700.0000
34 99 0.6830 700.0000
35 37 0.7415 700.0000
35 47 0.6766 700.0000
35 48 0.8186 700.0000
35 49 0.5105 700.0000
35 50 0.4978 700.0000
35 51 0.7045 700.0000
35 59 0.8973 700.0000
35 96 0.7559 700.0000
35 97 0.4845 350.0000
35 98 0.8558 700.0000
35 99 0.5972 175.0000
35 104 0.6314 700.0000
36 47 0.8723 700.0000
36 48 0.6514 700.0000
36 49 0.6130 700.0000
36 50 0.8594 700.0000
36 70 0.6831 700.0000
36 71 0.8950 700.0000
36 79 0.7412 700.0000
36 80 0.8822 700.0000
36 81 0.5219 700.0000
36 94 0.7164 700.0000
36 95 0.7936 700.0000
36 96 0.5009 700.0000
36 97 0.6360 700.0000
37 39 0.7908 700.0000
37 45 0.6948 700.0000
37 46 0.6583 700.0000
37 47 0.6708 700.0000
37 48 0.6162 700.0000
37 49 0.7227 700.0000
37 93 0.8125 700.0000
37 94 0.6635 700.0000
37 95 0.5287 700.0000
37 96 0.7111 700.0000
37 97 0.7063 700.0000
37 104 0.8212 700.0000
37 107 0.7826 700.0000
37 163 0.8988 700.0000
37 217 0.8842 700.0000
38 40 0.6357 700.0000
38 44 0.8078 700.0000
38 45 0.7482 700.0000
38 46 0.3753 700.0000
38 47 0.8854 700.0000
38 48 0.6446 700.0000
38 64 0.8246 700.0000
38 89 0.8507 700.0000
38 90 0.6855 700.0000
38 91 0.8060 700.0000
38 92 0.5798 700.0000
38 93 0.6985 700.0000
38 94 0.5055 700.0000
38 95 0.8464 700.0000
39 41 0.6468 700.0000
39 42 0.7020 700.0000
39 43 0.6160 700.0000
39 44 0.4951 700.0000
39 45 0.5497 700.0000
39 46 0.7255 700.0000
39 92 0.6503 700.0000
39 93 0.4995 700.0000
39 94 0.7983 700.0000
39 95 0.6991 700.0000
39 157 0.8291 700.0000
40 42 0.5513 700.0000
40 43 0.3910 700.0000
40 44 0.5828 700.0000
40 45 0.8122 700.0000
40 46 0.7483 700.0000
40 90 0.8927 700.0000
40 91 0.6255 700.0000
40 92 0.5344 700.0000
40 93 0.6549 700.0000
40 94 0.8592 700.0000
41 43 0.4915 700.0000
41 44 0.8264 700.0000
41 91 0.6370 700.0000
41 92 0.6580 700.0000
41 93 0.7761 700.0000
42 44 0.6470 700.0000
43 45 0.8190 700.0000
43 46 0.8664 700.0000
44 46 0.6418 700.0000
44 206 0.7128 700.0000
44 217 0.7414 700.0000
44 218 0.7517 700.0000
44 219 0.7797 700.0000
44 220 0.8005 700.0000
45 95 0.8842 700.0000
45 155 0.8913 700.0000
45 157 0.8154 700.0000
45 163 0.8171 700.0000
45 206 0.5802 700.0000
45 208 0.8965 700.0000
45 217 0.4658 700.0000
45 218 0.6951 700.0000
45 220 0.8948 700.0000
46 48 0.6708 700.0000
46 61 0.8079 700.0000
46 63 0.8108 700.0000
46 64 0.8526 700.0000
46 94 0.8612 700.0000
46 216 0.8886 700.0000
46 217 0.7101 700.0000
47 49 0.4046 700.0000
47 50 0.7098 700.0000
47 59 0.7930 700.0000
47 60 0.7846 700.0000
47 61 0.5936 700.0000
47 64 0.8849 700.0000
47 213 0.7865 700.0000
47 214 0.6418 700.0000
47 215 0.5040 350.0000
47 216 0.7728 700.0000
47 217 0.8151 700.0000
48 50 0.8139 700.0000
48 59 0.8875 700.0000
48 60 0.6521 700.0000
48 61 0.5743 700.0000
48 63 0.8326 700.0000
48 64 0.5846 700.0000
48 68 0.7664 700.0000
48 70 0.8272 700.0000
48 81 0.7941 700.0000
48 83 0.8497 700.0000
48 94 0.8345 700.0000
49 51 0.7731 700.0000
49 58 0.7948 700.0000
49 59 0.6131 700.0000
49 60 0.5595 700.0000
49 61 0.7499 700.0000
49 64 0.8903 700.0000
49 68 0.8890 700.0000
49 70 0.6636 700.0000
49 81 0.8679 700.0000
49 97 0.8855 700.0000
50 52 0.6724 175.0000
50 58 0.5710 700.0000
50 59 0.4331 700.0000
50 60 0.6554 700.0000
50 70 0.6856 700.0000
51 58 0.5830 175.0000
51 59 0.7592 700.0000
51 70 0.5926 700.0000
51 71 0.6947 700.0000
51 72 0.7305 175.0000
51 79 0.8796 700.0000
52 55 0.4707 175.0000
52 56 0.4726 350.0000
52 57 0.4570 350.0000
55 57 0.4553 175.0000
57 59 0.6542 175.0000
58 60 0.5274 175.0000
58 69 0.7984 700.0000
58 70 0.5981 700.0000
58 71 0.8634 700.0000
59 61 0.8679 700.0000
59 70 0.8261 700.0000
59 213 0.7421 700.0000
60 62 0.7620 700.0000
60 64 0.7338 700.0000
60 66 0.8950 700.0000
60 68 0.5745 700.0000
60 69 0.7011 700.0000
60 70 0.6405 700.0000
61 63 0.4207 700.0000
61 64 0.4817 700.0000
61 65 0.8510 700.0000
61 120 0.8205 700.0000
61 213 0.7553 700.0000
61 214 0.5638 175.0000
62 64 0.6333 700.0000
62 65 0.6923 700.0000
62 120 0.7817 700.0000
62 213 0.7822 700.0000
62 214 0.6794 175.0000
63 65 0.6749 700.0000
63 89 0.8885 700.0000
63 120 0.8524 700.0000
63 214 0.8420 700.0000
64 66 0.8033 700.0000
64 67 0.5391 700.0000
64 68 0.6061 700.0000
64 83 0.6901 700.0000
64 87 0.8675 700.0000
64 89 0.8914 700.0000
64 90 0.8137 700.0000
65 67 0.5246 700.0000
65 68 0.8249 700.0000
65 85 0.8777 700.0000
65 87 0.8512 700.0000
66 68 0.5932 700.0000
66 69 0.8553 700.0000
66 84 0.7576 700.0000
66 85 0.8634 700.0000
67 69 0.8656 700.0000
67 82 0.8633 700.0000
67 83 0.4998 700.0000
67 84 0.4815 700.0000
67 85 0.5160 700.0000
67 86 0.6960 700.0000
67 87 0.6934 700.0000
67 90 0.8110 700.0000
68 70 0.6836 700.0000
68 81 0.7111 700.0000
68 82 0.6297 700.0000
68 83 0.5348 700.0000
68 84 0.6473 700.0000
69 71 0.6566 700.0000
69 81 0.6099 700.0000
69 82 0.4800 700.0000
69 83 0.7315 700.0000
69 84 0.7850 700.0000
70 72 0.7776 700.0000
70 79 0.7956 700.0000
70 80 0.7601 700.0000
70 81 0.5759 700.0000
70 82 0.7834 700.0000
71 73 0.7855 700.0000
71 78 0.7988 700.0000
71 79 0.5711 700.0000
71 80 0.4511 700.0000
71 81 0.7281 700.0000
71 82 0.8380 700.0000
72 74 0.5997 700.0000
72 75 0.8800 700.0000
72 76 0.8558 700.0000
72 77 0.8532 700.0000
72 78 0.6199 700.0000
72 79 0.5625 700.0000
72 80 0.5721 700.0000
73 75 0.4403 700.0000
73 76 0.4164 700.0000
73 77 0.6757 700.0000
73 78 0.4942 700.0000
73 79 0.7255 700.0000
73 80 0.6975 700.0000
74 76 0.7169 700.0000
74 77 0.5757 700.0000
74 78 0.7241 700.0000
75 77 0.6873 700.0000
75 78 0.7587 700.0000
76 78 0.5122 700.0000
76 79 0.8752 700.0000
76 80 0.8646 700.0000
77 79 0.7566 700.0000
78 80 0.5267 700.0000
79 81 0.7903 700.0000
79 96 0.7543 700.0000
80 82 0.8325 700.0000
81 83 0.6125 700.0000
81 94 0.7581 700.0000
82 84 0.5632 700.0000
83 85 0.7163 700.0000
83 86 0.6100 700.0000
83 87 0.8658 700.0000
83 90 0.6644 700.0000
83 94 0.8305 700.0000
84 86 0.6220 700.0000
85 87 0.6097 700.0000
85 90 0.8643 700.0000
86 88 0.7470 700.0000
86 89 0.8241 700.0000
86 90 0.5347 700.0000
86 91 0.8853 700.0000
86 113 0.8941 700.0000
86 115 0.6077 700.0000
87 89 0.4611 700.0000
87 90 0.5256 700.0000
87 115 0.8318 700.0000
88 90 0.5418 700.0000
88 91 0.5177 700.0000
88 114 0.8404 700.0000
88 115 0.4971 700.0000
88 116 0.7824 700.0000
89 91 0.7006 700.0000
89 115 0.8594 700.0000
90 92 0.6783 700.0000
90 94 0.7820 700.0000
90 113 0.7377 700.0000
90 114 0.8830 700.0000
90 115 0.6317 700.0000
91 93 0.8033 700.0000
91 94 0.8050 700.0000
91 112 0.7688 700.0000
91 113 0.5586 700.0000
91 114 0.5446 700.0000
91 115 0.5184 700.0000
91 116 0.8698 700.0000
92 94 0.4500 700.0000
92 95 0.8664 700.0000
92 111 0.7417 700.0000
92 112 0.5451 700.0000
92 113 0.4617 700.0000
92 114 0.7089 700.0000
92 115 0.8466 700.0000
93 95 0.5351 700.0000
93 110 0.6220 700.0000
93 111 0.5722 700.0000
93 112 0.5433 700.0000
93 113 0.6975 700.0000
94 110 0.7969 700.0000
94 111 0.5811 700.0000
94 112 0.7121 700.0000
94 113 0.5865 700.0000
95 97 0.7993 175.0000
95 107 0.6162 700.0000
95 108 0.5602 700.0000
95 109 0.6943 700.0000
95 110 0.5010 700.0000
95 111 0.6903 700.0000
95 161 0.8954 700.0000
95 162 0.6312 700.0000
95 163 0.7218 700.0000
96 98 0.8802 175.0000
96 107 0.6396 700.0000
96 108 0.5219 700.0000
96 109 0.8145 700.0000
96 110 0.7797 700.0000
97 99 0.6936 175.0000
97 104 0.5657 175.0000
97 105 0.7650 700.0000
97 106 0.8208 700.0000
97 107 0.5417 175.0000
97 108 0.7220 700.0000
98 100 0.5936 700.0000
98 103 0.8152 700.0000
98 104 0.7568 700.0000
98 105 0.4308 350.0000
98 106 0.5014 350.0000
98 107 0.8375 700.0000
99 101 0.5695 175.0000
99 102 0.5107 175.0000
99 103 0.5886 700.0000
99 104 0.5453 700.0000
99 105 0.6539 700.0000
100 103 0.4102 350.0000
100 104 0.7537 700.0000
100 105 0.5510 175.0000
100 106 0.8744 700.0000
100 168 0.8593 700.0000
102 104 0.6398 175.0000
102 210 0.5754 175.0000
103 105 0.5520 350.0000
103 153 0.7340 700.0000
103 155 0.8452 700.0000
103 165 0.6451 175.0000
103 167 0.8672 700.0000
103 168 0.5751 175.0000
103 174 0.7698 175.0000
104 106 0.8932 700.0000
104 107 0.5915 700.0000
104 153 0.8360 700.0000
104 155 0.6837 700.0000
104 163 0.8038 700.0000
104 165 0.7677 350.0000
104 208 0.8222 700.0000
105 107 0.7024 175.0000
105 165 0.7497 700.0000
106 108 0.8584 175.0000
107 155 0.8690 700.0000
107 162 0.5664 700.0000
107 163 0.5077 700.0000
107 164 0.7628 700.0000
107 165 0.8780 700.0000
108 110 0.5328 700.0000
108 111 0.8667 700.0000
108 162 0.6931 700.0000
108 163 0.8565 700.0000
109 111 0.6511 700.0000
109 161 0.8608 700.0000
109 162 0.8556 700.0000
110 112 0.7487 700.0000
110 161 0.8799 700.0000
110 162 0.8396 700.0000
111 113 0.6556 700.0000
112 114 0.6016 700.0000
113 115 0.6504 700.0000
114 116 0.5977 700.0000
115 117 0.8015 700.0000
116 118 0.4805 700.0000
116 119 0.8379 700.0000
117 119 0.7355 700.0000
120 122 0.6220 700.0000
120 209 0.8956 700.0000
120 212 0.6556 700.0000
120 213 0.7340 700.0000
120 214 0.5146 175.0000
120 216 0.7241 700.0000
121 123 0.5400 700.0000
121 144 0.6379 700.0000
121 145 0.5320 700.0000
121 146 0.5767 175.0000
121 148 0.7801 700.0000
121 209 0.5626 175.0000
121 211 0.7162 700.0000
121 212 0.5488 175.0000
121 213 0.8619 700.0000
121 214 0.7002 350.0000
121 216 0.5658 700.0000
122 124 0.7162 700.0000
122 143 0.8271 700.0000
122 144 0.7194 700.0000
122 145 0.5615 700.0000
122 216 0.7421 700.0000
123 125 0.7260 700.0000
123 142 0.5843 700.0000
123 143 0.6255 700.0000
123 144 0.5116 700.0000
123 145 0.6978 700.0000
123 148 0.8702 700.0000
123 152 0.8727 700.0000
123 188 0.8951 700.0000
123 207 0.6231 700.0000
123 208 0.7931 700.0000
123 209 0.6345 700.0000
123 216 0.5584 700.0000
123 217 0.7816 700.0000
123 218 0.5930 700.0000
123 219 0.7624 700.0000
124 126 0.6603 700.0000
124 141 0.7563 700.0000
124 142 0.5692 700.0000
124 143 0.3951 700.0000
124 144 0.6624 700.0000
124 145 0.8534 700.0000
124 207 0.8302 700.0000
124 218 0.7115 700.0000
124 219 0.6331 700.0000
124 220 0.8884 700.0000
125 127 0.6553 700.0000
125 128 0.6622 700.0000
125 140 0.7126 700.0000
125 141 0.5928 700.0000
125 142 0.5313 700.0000
125 143 0.8109 700.0000
125 154 0.8771 700.0000
125 206 0.7552 700.0000
125 207 0.5740 700.0000
125 218 0.5056 700.0000
125 219 0.4752 700.0000
125 220 0.4417 700.0000
125 221 0.5809 700.0000
126 128 0.6302 700.0000
126 129 0.8324 700.0000
126 139 0.8809 700.0000
126 140 0.6342 700.0000
126 141 0.4116 700.0000
126 142 0.7108 700.0000
126 143 0.8186 700.0000
126 219 0.8455 700.0000
126 220 0.7773 700.0000
126 221 0.7137 700.0000
127 129 0.4912 700.0000
127 130 0.6057 700.0000
127 139 0.8339 700.0000
127 140 0.6421 700.0000
127 141 0.6654 700.0000
127 220 0.7407 700.0000
127 221 0.5536 700.0000
127 222 0.8609 700.0000
128 130 0.7737 700.0000
128 219 0.7111 700.0000
128 220 0.5229 700.0000
128 221 0.5113 700.0000
128 222 0.6818 700.0000
129 131 0.6913 700.0000
129 220 0.8174 700.0000
129 221 0.6110 700.0000
129 222 0.4968 700.0000
129 223 0.7268 700.0000
129 224 0.6765 700.0000
130 132 0.5992 700.0000
130 138 0.7463 700.0000
130 139 0.8194 700.0000
130 140 0.8014 700.0000
130 221 0.6789 700.0000
130 222 0.6160 700.0000
130 223 0.4839 700.0000
130 224 0.5586 700.0000
130 226 0.8693 700.0000
131 133 0.7534 700.0000
131 222 0.8060 700.0000
131 223 0.7161 700.0000
131 224 0.4474 700.0000
131 225 0.6856 700.0000
131 226 0.4664 700.0000
132 134 0.7119 700.0000
132 135 0.8229 700.0000
132 136 0.5804 700.0000
132 138 0.7798 700.0000
132 197 0.6723 700.0000
132 202 0.7098 700.0000
132 223 0.6715 700.0000
132 224 0.5965 700.0000
132 225 0.5663 700.0000
132 226 0.4470 700.0000
133 135 0.5500 700.0000
133 136 0.4095 700.0000
133 138 0.8749 700.0000
133 196 0.8911 700.0000
133 197 0.6038 700.0000
133 198 0.8853 700.0000
133 202 0.8557 700.0000
133 225 0.7180 700.0000
133 226 0.5449 700.0000
134 136 0.6117 700.0000
134 196 0.7311 700.0000
134 197 0.5208 700.0000
134 198 0.5719 700.0000
134 199 0.6614 700.0000
134 202 0.8331 700.0000
134 225 0.8498 700.0000
135 137 0.8307 700.0000
135 138 0.8247 700.0000
135 194 0.8475 700.0000
135 195 0.7248 700.0000
135 196 0.4175 700.0000
135 197 0.4779 700.0000
135 198 0.6441 700.0000
136 138 0.5976 700.0000
136 194 0.8012 700.0000
136 195 0.8102 700.0000
136 196 0.6453 700.0000
136 197 0.5342 700.0000
136 198 0.8836 700.0000
136 226 0.8603 700.0000
137 139 0.6137 700.0000
137 193 0.5809 700.0000
137 194 0.6123 700.0000
137 195 0.4909 700.0000
137 196 0.7267 700.0000
137 197 0.8884 700.0000
138 140 0.6751 700.0000
138 192 0.7446 700.0000
138 193 0.5957 700.0000
138 194 0.4149 700.0000
138 195 0.6952 700.0000
138 196 0.7728 700.0000
138 197 0.6406 700.0000
138 223 0.8312 700.0000
139 141 0.7015 700.0000
139 191 0.7045 700.0000
139 192 0.6366 700.0000
139 193 0.5886 700.0000
139 194 0.6902 700.0000
140 142 0.7658 700.0000
140 154 0.7489 700.0000
140 191 0.6131 700.0000
140 192 0.4516 700.0000
140 193 0.7153 700.0000
140 194 0.8060 700.0000
140 205 0.7231 700.0000
140 220 0.8877 700.0000
140 221 0.6239 700.0000
141 143 0.7648 700.0000
141 154 0.8899 700.0000
141 189 0.7875 700.0000
141 190 0.8083 700.0000
141 191 0.5796 700.0000
141 192 0.7543 700.0000
141 207 0.8746 700.0000
141 221 0.8543 700.0000
142 144 0.6735 700.0000
142 152 0.7303 700.0000
142 154 0.7159 700.0000
142 188 0.8042 700.0000
142 189 0.6631 700.0000
142 190 0.5480 700.0000
142 191 0.7023 700.0000
142 192 0.8815 700.0000
142 207 0.5320 700.0000
142 218 0.7670 700.0000
143 145 0.6775 700.0000
143 188 0.6256 700.0000
143 189 0.6082 700.0000
143 190 0.8490 700.0000
144 146 0.6458 700.0000
144 148 0.6785 175.0000
144 187 0.7060 700.0000
144 188 0.4291 700.0000
144 189 0.6388 700.0000
144 190 0.7563 700.0000
144 209 0.8674 700.0000
145 147 0.8284 175.0000
145 148 0.8665 700.0000
145 188 0.7101 700.0000
146 148 0.5673 700.0000
146 187 0.7873 700.0000
146 188 0.7691 700.0000
146 209 0.8626 700.0000
146 211 0.6464 700.0000
146 212 0.6613 175.0000
147 187 0.4204 175.0000
147 188 0.6031 175.0000
148 151 0.5541 350.0000
148 152 0.6715 700.0000
148 186 0.8144 700.0000
148 187 0.5115 350.0000
148 188 0.6752 700.0000
148 190 0.7350 700.0000
148 209 0.6541 700.0000
148 211 0.5037 175.0000
148 212 0.8152 700.0000
149 151 0.4358 175.0000
150 152 0.5510 350.0000
150 170 0.5330 175.0000
150 187 0.6364 175.0000
150 190 0.6477 175.0000
151 169 0.6141 175.0000
151 210 0.4347 350.0000
151 211 0.5496 175.0000
152 154 0.6125 700.0000
152 167 0.7825 700.0000
152 168 0.8967 700.0000
152 170 0.5070 350.0000
152 185 0.8228 700.0000
152 190 0.5694 700.0000
152 207 0.6511 700.0000
152 208 0.5770 700.0000
152 209 0.6898 175.0000
153 155 0.6207 700.0000
153 165 0.8051 700.0000
153 166 0.8544 700.0000
153 167 0.6157 700.0000
153 168 0.6763 700.0000
153 172 0.8704 700.0000
153 207 0.7077 700.0000
153 208 0.4614 350.0000
153 209 0.7946 700.0000
153 210 0.6564 175.0000
154 165 0.8681 700.0000
154 166 0.6560 700.0000
154 167 0.5483 700.0000
154 182 0.8811 700.0000
154 183 0.7651 700.0000
154 184 0.8733 700.0000
154 190 0.8244 700.0000
154 191 0.7261 700.0000
154 192 0.5246 700.0000
154 205 0.7559 700.0000
154 206 0.7966 700.0000
154 207 0.5128 700.0000
154 208 0.7505 700.0000
155 157 0.8458 700.0000
155 163 0.6137 700.0000
155 164 0.6597 700.0000
155 165 0.4893 700.0000
155 166 0.6217 700.0000
155 167 0.7575 700.0000
155 205 0.8402 700.0000
155 206 0.6427 700.0000
155 207 0.7295 700.0000
155 208 0.6551 700.0000
155 217 0.7995 700.0000
156 158 0.5942 700.0000
156 162 0.8340 700.0000
156 163 0.6878 700.0000
156 164 0.4418 700.0000
156 165 0.7410 700.0000
156 166 0.6541 700.0000
156 181 0.8652 700.0000
156 201 0.7498 700.0000
156 203 0.6327 700.0000
156 204 0.6578 700.0000
156 205 0.5245 700.0000
156 206 0.8170 700.0000
157 159 0.6429 700.0000
157 160 0.7598 700.0000
157 161 0.7050 700.0000
157 162 0.5631 700.0000
157 163 0.5099 700.0000
157 164 0.7307 700.0000
157 203 0.7034 700.0000
157 204 0.4888 700.0000
157 205 0.7565 700.0000
157 206 0.6277 700.0000
158 160 0.7273 700.0000
158 161 0.6443 700.0000
158 162 0.7700 700.0000
158 163 0.8517 700.0000
158 164 0.7987 700.0000
158 202 0.8922 700.0000
158 203 0.5662 700.0000
158 204 0.6793 700.0000
158 205 0.8761 700.0000
159 161 0.5834 700.0000
159 162 0.8573 700.0000
159 203 0.8317 700.0000
159 204 0.8314 700.0000
160 162 0.6611 700.0000
161 163 0.7532 700.0000
162 164 0.6363 700.0000
163 165 0.7689 700.0000
163 206 0.7933 700.0000
164 166 0.6729 700.0000
164 177 0.8920 700.0000
165 167 0.6464 700.0000
165 168 0.8244 700.0000
165 173 0.8737 700.0000
165 174 0.6144 700.0000
165 176 0.8762 700.0000
165 177 0.7315 700.0000
166 168 0.8713 700.0000
166 172 0.8910 700.0000
166 173 0.6984 700.0000
166 174 0.6208 700.0000
166 176 0.8761 700.0000
166 177 0.5839 700.0000
166 178 0.7692 700.0000
166 181 0.5645 700.0000
166 182 0.8408 700.0000
166 192 0.8018 700.0000
166 205 0.8166 700.0000
167 172 0.5274 700.0000
167 173 0.5803 700.0000
167 174 0.6283 700.0000
167 177 0.8139 700.0000
167 181 0.7608 700.0000
167 182 0.7041 700.0000
167 183 0.6169 700.0000
167 192 0.7566 700.0000
168 171 0.6858 350.0000
168 172 0.3578 700.0000
168 173 0.6747 700.0000
168 174 0.6182 700.0000
169 171 0.6149 350.0000
170 190 0.6255 175.0000
171 173 0.7583 350.0000
171 183 0.4586 175.0000
172 174 0.6468 700.0000
172 182 0.8804 700.0000
172 183 0.7175 700.0000
173 175 0.7696 700.0000
173 176 0.7560 700.0000
173 177 0.5432 700.0000
173 178 0.7688 700.0000
173 179 0.7168 700.0000
173 181 0.7743 700.0000
173 182 0.7651 700.0000
173 183 0.8301 700.0000
174 176 0.5759 700.0000
174 177 0.4664 700.0000
174 178 0.8178 700.0000
175 177 0.6919 700.0000
176 178 0.5894 700.0000
176 179 0.8821 700.0000
177 179 0.6686 700.0000
177 180 0.7893 700.0000
177 181 0.6240 700.0000
178 180 0.4564 700.0000
178 181 0.4994 700.0000
178 201 0.8912 700.0000
179 181 0.6206 700.0000
179 182 0.7656 700.0000
179 195 0.8011 700.0000
180 182 0.8503 700.0000
180 193 0.8528 700.0000
180 194 0.5853 700.0000
180 195 0.5959 700.0000
180 196 0.5743 700.0000
180 197 0.7290 700.0000
180 198 0.6409 700.0000
180 200 0.7939 700.0000
180 201 0.6696 700.0000
181 183 0.8603 700.0000
181 192 0.6960 700.0000
181 193 0.6454 700.0000
181 194 0.5375 700.0000
181 195 0.7589 700.0000
181 196 0.8921 700.0000
181 201 0.7505 700.0000
181 205 0.8820 700.0000
182 184 0.6838 700.0000
182 191 0.7366 700.0000
182 192 0.5661 700.0000
182 193 0.3908 700.0000
182 194 0.6989 700.0000
182 195 0.7692 700.0000
183 185 0.7008 700.0000
183 190 0.8464 700.0000
183 191 0.5670 700.0000
183 192 0.6122 700.0000
183 193 0.6225 700.0000
184 186 0.7618 700.0000
184 189 0.8617 700.0000
184 190 0.5899 700.0000
184 191 0.3817 700.0000
184 192 0.7243 700.0000
184 193 0.7701 700.0000
185 187 0.6843 700.0000
185 188 0.8464 700.0000
185 189 0.6864 700.0000
185 190 0.4381 700.0000
185 191 0.6666 700.0000
186 188 0.6173 700.0000
186 189 0.5899 700.0000
186 190 0.5397 700.0000
187 189 0.5914 700.0000
187 190 0.5920 700.0000
188 190 0.6039 700.0000
189 191 0.7984 700.0000
190 207 0.8816 700.0000
191 193 0.6420 700.0000
192 194 0.6349 700.0000
192 205 0.7385 700.0000
193 195 0.6092 700.0000
194 196 0.5987 700.0000
194 197 0.5743 700.0000
194 198 0.8380 700.0000
194 201 0.6886 700.0000
194 205 0.8686 700.0000
195 197 0.7333 700.0000
195 198 0.8811 700.0000
196 198 0.5424 700.0000
196 201 0.8359 700.0000
197 199 0.6783 700.0000
197 200 0.7870 700.0000
197 201 0.5265 700.0000
197 202 0.6592 700.0000
197 223 0.8238 700.0000
198 200 0.5241 700.0000
198 201 0.5461 700.0000
198 202 0.7754 700.0000
199 201 0.5953 700.0000
199 202 0.5602 700.0000
199 225 0.8879 700.0000
200 202 0.6986 700.0000
201 203 0.6606 700.0000
201 205 0.7677 700.0000
201 223 0.7272 700.0000
202 222 0.8520 700.0000
202 223 0.5118 700.0000
202 224 0.6841 700.0000
202 225 0.5829 700.0000
203 205 0.5052 700.0000
203 221 0.7522 700.0000
203 222 0.6111 700.0000
203 223 0.4413 700.0000
203 224 0.8107 700.0000
204 206 0.5620 700.0000
204 220 0.6675 700.0000
204 221 0.5653 700.0000
204 222 0.6087 700.0000
204 223 0.6596 700.0000
205 220 0.7800 700.0000
205 221 0.5453 700.0000
205 222 0.8323 700.0000
205 223 0.6262 700.0000
206 208 0.8432 175.0000
206 217 0.6262 700.0000
206 218 0.5621 700.0000
206 219 0.7695 700.0000
206 220 0.5219 700.0000
206 221 0.6775 700.0000
207 209 0.7897 175.0000
207 216 0.7582 700.0000
207 217 0.5820 700.0000
207 218 0.4586 700.0000
207 219 0.7752 700.0000
207 220 0.7406 700.0000
207 221 0.8874 700.0000
208 210 0.6423 175.0000
208 216 0.5821 700.0000
208 217 0.4956 175.0000
208 218 0.7559 700.0000
209 211 0.5258 175.0000
209 212 0.6133 700.0000
209 213 0.7956 700.0000
209 214 0.6856 700.0000
209 216 0.4089 350.0000
209 217 0.7386 700.0000
210 215 0.5404 175.0000
211 213 0.7167 175.0000
211 214 0.8256 700.0000
211 216 0.8783 700.0000
212 214 0.5206 700.0000
212 216 0.7804 700.0000
213 215 0.6361 175.0000
213 216 0.8539 700.0000
214 216 0.5866 175.0000
215 217 0.8180 175.0000
216 218 0.6742 175.0000
217 219 0.8052 700.0000
217 220 0.8981 700.0000
218 220 0.5271 700.0000
218 221 0.8541 700.0000
219 221 0.8000 700.0000
220 222 0.8017 700.0000
221 223 0.6426 700.0000
222 224 0.4966 700.0000
223 225 0.7801 700.0000
224 226 0.7187 700.0000
225 227 0.7371 700.0000
226 228 0.7278 700.0000
227 229 0.6516 700.0000
