i j d[nm] fc
1 3 0.6379 700.0000
1 25 0.6910 700.0000
1 26 0.6690 700.0000
1 106 0.8969 700.0000
2 4 0.7077 700.0000
2 24 0.8048 700.0000
2 25 0.5377 700.0000
2 26 0.5200 175.0000
2 27 0.6169 175.0000
2 98 0.7703 700.0000
2 105 0.8436 700.0000
2 106 0.5155 175.0000
3 5 0.5930 700.0000
3 23 0.6879 700.0000
3 24 0.6016 700.0000
3 25 0.4114 700.0000
3 26 0.7402 700.0000
3 27 0.8283 700.0000
3 106 0.7996 700.0000
3 108 0.8348 700.0000
4 6 0.6857 700.0000
4 22 0.5708 700.0000
4 23 0.5586 700.0000
4 24 0.5779 700.0000
4 25 0.6774 700.0000
4 27 0.8249 700.0000
4 34 0.8847 700.0000
4 96 0.5690 700.0000
4 97 0.7213 700.0000
4 98 0.7700 700.0000
4 106 0.6812 700.0000
4 107 0.7813 700.0000
4 108 0.4967 700.0000
4 109 0.7508 700.0000
5 7 0.6797 700.0000
5 21 0.7195 700.0000
5 22 0.5631 700.0000
5 23 0.4154 700.0000
5 24 0.6826 700.0000
5 25 0.8183 700.0000
5 96 0.8000 700.0000
5 108 0.6833 700.0000
5 109 0.6232 700.0000
5 110 0.8141 700.0000
6 8 0.7931 700.0000
6 9 0.8608 700.0000
6 20 0.7236 700.0000
6 21 0.5896 700.0000
6 22 0.5641 700.0000
6 23 0.7273 700.0000
6 36 0.8274 700.0000
6 94 0.8664 700.0000
6 95 0.7407 700.0000
6 96 0.5783 700.0000
6 108 0.5512 700.0000
6 109 0.4573 700.0000
6 110 0.4399 700.0000
6 111 0.5035 700.0000
7 9 0.6101 700.0000
7 20 0.5771 700.0000
7 21 0.3741 700.0000
7 22 0.7334 700.0000
7 23 0.7905 700.0000
7 80 0.8976 700.0000
7 109 0.8868 700.0000
7 110 0.8658 700.0000
7 111 0.6850 700.0000
8 10 0.6164 700.0000
8 18 0.7547 700.0000
8 19 0.6446 700.0000
8 20 0.4929 700.0000
8 21 0.6311 700.0000
8 111 0.6432 700.0000
8 112 0.8509 700.0000
8 113 0.7828 700.0000
9 11 0.7366 700.0000
9 12 0.8597 700.0000
9 18 0.8281 700.0000
9 19 0.8305 700.0000
9 20 0.6914 700.0000
9 21 0.8708 700.0000
9 94 0.8979 700.0000
9 111 0.5519 700.0000
9 112 0.6150 700.0000
9 113 0.6110 700.0000
9 114 0.8224 700.0000
10 12 0.6118 700.0000
10 18 0.8663 700.0000
10 92 0.8933 700.0000
10 111 0.7585 700.0000
10 112 0.5426 700.0000
10 113 0.4696 700.0000
10 114 0.4876 700.0000
10 115 0.8329 700.0000
10 116 0.8872 700.0000
11 13 0.7445 700.0000
11 112 0.8580 700.0000
11 113 0.7192 700.0000
11 114 0.4805 700.0000
11 115 0.7190 700.0000
11 116 0.5807 700.0000
11 117 0.8390 700.0000
11 118 0.6643 700.0000
11 119 0.7181 700.0000
12 14 0.6502 700.0000
12 15 0.7747 700.0000
12 16 0.6091 700.0000
12 17 0.6435 700.0000
12 18 0.7020 700.0000
12 19 0.8617 700.0000
12 86 0.6586 700.0000
12 113 0.6591 700.0000
12 114 0.5847 700.0000
12 115 0.5099 700.0000
12 116 0.5917 700.0000
12 117 0.8237 700.0000
12 118 0.8760 700.0000
13 15 0.6496 700.0000
13 16 0.6135 700.0000
13 17 0.8242 700.0000
13 86 0.8347 700.0000
13 115 0.7441 700.0000
13 116 0.5932 700.0000
13 117 0.5448 700.0000
13 118 0.7407 700.0000
14 16 0.5818 700.0000
14 85 0.7983 700.0000
14 86 0.6048 700.0000
14 87 0.6335 700.0000
14 88 0.8399 700.0000
14 115 0.5888 700.0000
14 116 0.6167 700.0000
14 117 0.6202 700.0000
15 17 0.6393 700.0000
15 84 0.7398 700.0000
15 85 0.4186 700.0000
15 86 0.4759 700.0000
15 87 0.6012 700.0000
15 115 0.8669 700.0000
16 18 0.7329 700.0000
16 19 0.8925 700.0000
16 83 0.8230 700.0000
16 84 0.6103 700.0000
16 85 0.4882 700.0000
16 86 0.4405 700.0000
16 87 0.7558 700.0000
16 115 0.8409 700.0000
17 19 0.5480 700.0000
17 82 0.6122 700.0000
17 83 0.6658 700.0000
17 84 0.5152 700.0000
17 85 0.6786 700.0000
17 86 0.6005 700.0000
18 20 0.5776 700.0000
18 81 0.6128 700.0000
18 82 0.5431 700.0000
18 83 0.4705 700.0000
18 84 0.6788 700.0000
18 86 0.6926 700.0000
18 90 0.8044 700.0000
18 94 0.7618 700.0000
18 113 0.6901 700.0000
19 21 0.8833 700.0000
19 81 0.7802 700.0000
19 82 0.5654 700.0000
19 83 0.8856 700.0000
20 22 0.7934 700.0000
20 36 0.7212 700.0000
20 79 0.8128 700.0000
20 80 0.6963 700.0000
20 81 0.4553 700.0000
20 82 0.7426 700.0000
20 83 0.8802 700.0000
20 94 0.7270 700.0000
20 111 0.7105 700.0000
20 113 0.8718 700.0000
21 23 0.6426 700.0000
21 36 0.8458 700.0000
21 78 0.6874 700.0000
21 79 0.5781 700.0000
21 80 0.5387 700.0000
21 81 0.7615 700.0000
21 96 0.8464 700.0000
21 111 0.8502 700.0000
22 24 0.6239 700.0000
22 29 0.8947 700.0000
22 34 0.7496 700.0000
22 36 0.7263 700.0000
22 77 0.8097 700.0000
22 78 0.5448 700.0000
22 79 0.4058 700.0000
22 80 0.6677 700.0000
22 96 0.5183 700.0000
22 97 0.8008 700.0000
22 108 0.8035 700.0000
23 25 0.6825 700.0000
23 76 0.8903 700.0000
23 77 0.6402 700.0000
23 78 0.5286 700.0000
23 79 0.6544 700.0000
23 80 0.8660 700.0000
23 96 0.8234 700.0000
24 26 0.6980 175.0000
24 27 0.5705 175.0000
24 29 0.6945 700.0000
24 77 0.4197 700.0000
24 78 0.6192 700.0000
24 79 0.8005 700.0000
25 27 0.5497 700.0000
25 77 0.7122 700.0000
26 28 0.6956 175.0000
26 77 0.8504 700.0000
27 29 0.5857 175.0000
27 32 0.6401 700.0000
27 77 0.6585 700.0000
27 98 0.6712 175.0000
27 106 0.8492 700.0000
28 31 0.5077 350.0000
28 32 0.7427 175.0000
29 32 0.6504 350.0000
29 34 0.6011 175.0000
29 51 0.8384 700.0000
29 52 0.8643 700.0000
29 53 0.5309 175.0000
29 72 0.7789 700.0000
29 73 0.8544 700.0000
29 74 0.5889 700.0000
29 77 0.5087 175.0000
29 78 0.7221 700.0000
29 79 0.7732 700.0000
29 98 0.8359 700.0000
30 53 0.4507 175.0000
30 54 0.4630 175.0000
31 33 0.8912 175.0000
32 34 0.7272 175.0000
32 98 0.4958 175.0000
32 99 0.6765 700.0000
32 101 0.8967 700.0000
32 105 0.8348 700.0000
33 35 0.7058 350.0000
33 50 0.7047 700.0000
33 51 0.7189 700.0000
33 52 0.5480 175.0000
33 98 0.8610 700.0000
33 99 0.5332 350.0000
33 101 0.6709 700.0000
34 36 0.7455 700.0000
34 49 0.8800 700.0000
34 50 0.7174 700.0000
34 51 0.5665 350.0000
34 52 0.8093 700.0000
34 72 0.8849 700.0000
34 79 0.6756 700.0000
34 96 0.6649 700.0000
34 97 0.5223 700.0000
34 98 0.6598 700.0000
34 99 0.7135 700.0000
35 37 0.7444 700.0000
35 47 0.6795 700.0000
35 48 0.8265 700.0000
35 49 0.5150 700.0000
35 50 0.4907 700.0000
35 51 0.7096 700.0000
35 59 0.8843 700.0000
35 96 0.7277 700.0000
35 97 0.4751 350.0000
35 98 0.8684 700.0000
35 99 0.6022 175.0000
35 104 0.6571 700.0000
36 47 0.8631 700.0000
36 48 0.6463 700.0000
36 49 0.6001 700.0000
36 50 0.8340 700.0000
36 51 0.8750 700.0000
36 70 0.7019 700.0000
36 79 0.7191 700.0000
36 80 0.8683 700.0000
36 81 0.5257 700.0000
36 94 0.7219 700.0000
36 95 0.8001 700.0000
36 96 0.5105 700.0000
36 97 0.6624 700.0000
37 39 0.7744 700.0000
37 45 0.6604 700.0000
37 46 0.6549 700.0000
37 47 0.6598 700.0000
37 48 0.6131 700.0000
37 49 0.7160 700.0000
37 93 0.8047 700.0000
37 94 0.6646 700.0000
37 95 0.5054 700.0000
37 96 0.7135 700.0000
37 97 0.7223 700.0000
37 104 0.8849 700.0000
37 107 0.8081 700.0000
37 217 0.8403 700.0000
38 40 0.6539 700.0000
38 44 0.8075 700.0000
38 45 0.7691 700.0000
38 46 0.3974 700.0000
38 47 0.8876 700.0000
38 48 0.6417 700.0000
38 64 0.7948 700.0000
38 83 0.8701 700.0000
38 89 0.8912 700.0000
38 90 0.6868 700.0000
38 91 0.8337 700.0000
38 92 0.5968 700.0000
38 93 0.7077 700.0000
38 94 0.5090 700.0000
38 95 0.8276 700.0000
39 41 0.6545 700.0000
39 42 0.6861 700.0000
39 43 0.6364 700.0000
39 44 0.4871 700.0000
39 45 0.5649 700.0000
39 46 0.7747 700.0000
39 92 0.6361 700.0000
39 93 0.4766 700.0000
39 94 0.7743 700.0000
39 95 0.6494 700.0000
39 157 0.8251 700.0000
40 42 0.5399 700.0000
40 43 0.4333 700.0000
40 44 0.5983 700.0000
40 45 0.8452 700.0000
40 46 0.8130 700.0000
40 89 0.8790 700.0000
40 90 0.8781 700.0000
40 91 0.6348 700.0000
40 92 0.5319 700.0000
40 93 0.6478 700.0000
40 94 0.8556 700.0000
41 43 0.5177 700.0000
41 44 0.8374 700.0000
41 91 0.6540 700.0000
41 92 0.6757 700.0000
41 93 0.7927 700.0000
42 44 0.6379 700.0000
43 45 0.8433 700.0000
44 46 0.6802 700.0000
44 157 0.8738 700.0000
44 204 0.8723 700.0000
44 206 0.6838 700.0000
44 217 0.7674 700.0000
44 218 0.7621 700.0000
44 219 0.7538 700.0000
44 220 0.7608 700.0000
45 95 0.8155 700.0000
45 155 0.8920 700.0000
45 157 0.7956 700.0000
45 163 0.8372 700.0000
45 206 0.5496 700.0000
45 208 0.8970 700.0000
45 217 0.4798 700.0000
45 218 0.6807 700.0000
45 220 0.8624 700.0000
46 48 0.6360 700.0000
46 61 0.7937 700.0000
46 63 0.7390 700.0000
46 64 0.7939 700.0000
46 94 0.8807 700.0000
46 217 0.7169 700.0000
47 49 0.4041 700.0000
47 50 0.7176 700.0000
47 59 0.7951 700.0000
47 60 0.8224 700.0000
47 61 0.5735 700.0000
47 63 0.8872 700.0000
47 64 0.8372 700.0000
47 213 0.8654 700.0000
47 214 0.6530 700.0000
47 216 0.7472 700.0000
47 217 0.7603 700.0000
48 50 0.8154 700.0000
48 59 0.8943 700.0000
48 60 0.6838 700.0000
48 61 0.5817 700.0000
48 62 0.8979 700.0000
48 63 0.7610 700.0000
48 64 0.5248 700.0000
48 68 0.8465 700.0000
48 70 0.8252 700.0000
48 81 0.7890 700.0000
48 83 0.8293 700.0000
48 94 0.8422 700.0000
49 51 0.7667 700.0000
49 58 0.8005 700.0000
49 59 0.6134 700.0000
49 60 0.5941 700.0000
49 61 0.7260 700.0000
49 64 0.8305 700.0000
49 70 0.6800 700.0000
49 81 0.8638 700.0000
49 97 0.8897 700.0000
50 52 0.7229 175.0000
50 57 0.7717 700.0000
50 58 0.5691 700.0000
50 59 0.4309 700.0000
50 60 0.6797 700.0000
50 70 0.7018 700.0000
51 57 0.6501 700.0000
51 58 0.5709 175.0000
51 59 0.7580 700.0000
51 70 0.5948 700.0000
51 71 0.6474 700.0000
51 72 0.6501 175.0000
51 79 0.7811 700.0000
52 55 0.4756 350.0000
52 56 0.5157 350.0000
52 57 0.4818 350.0000
52 58 0.7711 700.0000
52 72 0.8990 700.0000
53 72 0.6468 175.0000
55 57 0.4502 175.0000
56 58 0.5776 175.0000
57 59 0.7182 175.0000
58 60 0.5254 175.0000
58 65 0.8618 700.0000
58 69 0.8487 700.0000
58 70 0.5937 700.0000
58 71 0.8357 700.0000
59 61 0.8323 700.0000
59 65 0.8307 700.0000
59 70 0.8295 700.0000
59 213 0.7192 175.0000
59 214 0.8348 700.0000
60 62 0.7616 700.0000
60 64 0.7067 700.0000
60 65 0.4499 700.0000
60 66 0.8757 700.0000
60 68 0.6321 700.0000
60 69 0.7332 700.0000
60 70 0.6181 700.0000
61 63 0.4257 700.0000
61 64 0.5055 700.0000
61 65 0.7222 700.0000
61 120 0.8942 700.0000
61 213 0.8452 700.0000
61 214 0.5784 175.0000
62 64 0.6218 700.0000
62 65 0.6011 700.0000
62 66 0.8022 700.0000
62 120 0.8778 700.0000
62 214 0.7265 175.0000
63 65 0.8630 700.0000
63 67 0.8109 700.0000
64 66 0.8013 700.0000
64 67 0.5220 700.0000
64 68 0.6373 700.0000
64 83 0.6488 700.0000
64 90 0.8908 700.0000
65 67 0.8094 700.0000
65 68 0.6000 700.0000
65 69 0.8524 700.0000
66 68 0.6804 700.0000
67 69 0.8988 700.0000
67 82 0.8604 700.0000
67 83 0.4664 700.0000
67 84 0.4705 700.0000
67 85 0.5850 700.0000
67 86 0.7272 700.0000
67 87 0.8529 700.0000
67 90 0.8024 700.0000
68 70 0.6834 700.0000
68 81 0.7357 700.0000
68 82 0.5879 700.0000
68 83 0.5602 700.0000
68 84 0.5881 700.0000
69 71 0.6599 700.0000
69 80 0.8939 700.0000
69 81 0.6149 700.0000
69 82 0.4645 700.0000
69 83 0.7673 700.0000
69 84 0.7853 700.0000
70 72 0.7716 700.0000
70 79 0.7893 700.0000
70 80 0.7494 700.0000
70 81 0.5675 700.0000
70 82 0.7876 700.0000
71 73 0.7685 700.0000
71 78 0.7809 700.0000
71 79 0.5643 700.0000
71 80 0.4416 700.0000
71 81 0.7380 700.0000
71 82 0.8848 700.0000
72 74 0.6283 700.0000
72 75 0.8853 700.0000
72 76 0.8258 700.0000
72 77 0.8685 700.0000
72 78 0.6128 700.0000
72 79 0.5618 700.0000
72 80 0.5707 700.0000
73 75 0.4402 700.0000
73 76 0.4003 700.0000
73 77 0.6832 700.0000
73 78 0.5159 700.0000
73 79 0.7461 700.0000
73 80 0.7134 700.0000
74 76 0.7016 700.0000
74 77 0.5879 700.0000
74 78 0.7314 700.0000
75 77 0.6909 700.0000
75 78 0.7705 700.0000
76 78 0.5219 700.0000
76 79 0.8776 700.0000
76 80 0.8442 700.0000
77 79 0.7681 700.0000
78 80 0.5186 700.0000
79 81 0.7880 700.0000
79 96 0.7582 700.0000
80 82 0.8912 700.0000
81 83 0.6377 700.0000
81 94 0.7646 700.0000
82 84 0.5591 700.0000
83 85 0.7323 700.0000
83 86 0.6304 700.0000
83 90 0.6542 700.0000
83 94 0.8244 700.0000
84 86 0.6391 700.0000
85 87 0.5471 700.0000
85 90 0.8621 700.0000
86 88 0.7327 700.0000
86 89 0.7797 700.0000
86 90 0.5153 700.0000
86 91 0.8634 700.0000
86 113 0.8916 700.0000
86 115 0.6196 700.0000
87 89 0.6161 700.0000
87 90 0.6454 700.0000
87 115 0.7581 700.0000
88 90 0.5392 700.0000
88 91 0.5113 700.0000
88 114 0.8615 700.0000
88 115 0.5263 700.0000
88 116 0.8877 700.0000
89 91 0.6511 700.0000
89 115 0.8240 700.0000
90 92 0.6685 700.0000
90 94 0.7901 700.0000
90 113 0.7312 700.0000
90 114 0.8967 700.0000
90 115 0.6628 700.0000
91 93 0.8032 700.0000
91 94 0.8126 700.0000
91 112 0.7430 700.0000
91 113 0.5464 700.0000
91 114 0.5584 700.0000
91 115 0.5319 700.0000
92 94 0.4526 700.0000
92 95 0.8500 700.0000
92 111 0.7358 700.0000
92 112 0.5320 700.0000
92 113 0.4570 700.0000
92 114 0.7267 700.0000
92 115 0.8654 700.0000
93 95 0.5147 700.0000
93 110 0.6223 700.0000
93 111 0.5650 700.0000
93 112 0.5417 700.0000
93 113 0.6979 700.0000
94 110 0.7961 700.0000
94 111 0.5808 700.0000
94 112 0.7085 700.0000
94 113 0.5876 700.0000
95 97 0.8122 175.0000
95 107 0.6535 700.0000
95 108 0.6079 700.0000
95 109 0.7315 700.0000
95 110 0.5232 700.0000
95 111 0.7005 700.0000
95 162 0.6393 700.0000
95 163 0.7510 700.0000
96 98 0.8655 175.0000
96 107 0.6297 700.0000
96 108 0.5133 700.0000
96 109 0.8100 700.0000
96 110 0.7772 700.0000
97 99 0.6842 350.0000
97 104 0.5640 175.0000
97 105 0.7884 700.0000
97 106 0.8220 700.0000
97 107 0.5183 175.0000
97 108 0.7072 700.0000
98 104 0.7424 700.0000
98 105 0.4367 350.0000
98 106 0.5031 350.0000
98 107 0.8120 700.0000
99 101 0.5238 700.0000
99 102 0.6188 700.0000
99 104 0.5056 175.0000
99 105 0.6929 700.0000
100 102 0.4580 175.0000
100 103 0.4922 350.0000
100 105 0.6459 175.0000
101 104 0.8938 700.0000
102 104 0.7638 175.0000
102 105 0.8886 700.0000
102 153 0.7190 700.0000
102 168 0.5956 700.0000
102 169 0.7882 350.0000
103 105 0.5428 350.0000
103 165 0.6195 175.0000
103 168 0.5860 175.0000
103 174 0.7633 175.0000
104 106 0.8972 700.0000
104 107 0.5846 700.0000
104 153 0.8161 700.0000
104 155 0.6616 700.0000
104 163 0.7983 700.0000
104 165 0.7800 175.0000
104 208 0.8045 700.0000
105 107 0.7089 175.0000
105 164 0.8833 700.0000
105 165 0.7805 700.0000
106 108 0.8237 175.0000
107 155 0.8478 700.0000
107 162 0.5574 700.0000
107 163 0.5015 700.0000
107 164 0.8307 700.0000
107 165 0.8971 700.0000
108 110 0.5314 700.0000
108 111 0.8678 700.0000
108 162 0.6725 700.0000
108 163 0.8546 700.0000
109 111 0.6447 700.0000
109 161 0.8652 700.0000
109 162 0.8349 700.0000
110 112 0.7557 700.0000
110 161 0.8796 700.0000
110 162 0.8172 700.0000
111 113 0.6551 700.0000
112 114 0.5919 700.0000
113 115 0.6590 700.0000
114 116 0.5724 700.0000
114 118 0.8761 700.0000
115 117 0.7845 700.0000
116 118 0.4536 700.0000
116 119 0.8003 700.0000
117 119 0.7833 700.0000
120 122 0.6866 700.0000
120 123 0.8982 700.0000
120 145 0.7864 700.0000
120 146 0.7650 700.0000
120 209 0.8962 700.0000
120 212 0.8287 700.0000
120 213 0.7918 700.0000
120 214 0.5702 700.0000
120 216 0.7274 700.0000
121 123 0.5928 700.0000
121 144 0.6495 700.0000
121 145 0.5532 700.0000
121 146 0.5092 175.0000
121 148 0.7481 700.0000
121 209 0.5851 175.0000
121 211 0.8813 700.0000
121 212 0.6574 175.0000
121 213 0.8373 700.0000
121 214 0.6774 175.0000
121 216 0.5586 700.0000
122 124 0.5762 700.0000
122 144 0.5813 700.0000
122 145 0.4893 700.0000
122 146 0.8193 700.0000
122 216 0.8046 700.0000
123 125 0.7135 700.0000
123 142 0.5708 700.0000
123 143 0.7733 700.0000
123 144 0.5324 700.0000
123 145 0.7430 700.0000
123 148 0.8574 700.0000
123 152 0.8644 700.0000
123 188 0.8903 700.0000
123 190 0.8921 700.0000
123 207 0.6104 700.0000
123 208 0.7830 700.0000
123 209 0.6670 700.0000
123 216 0.5431 700.0000
123 217 0.7741 700.0000
123 218 0.5777 700.0000
123 219 0.8169 700.0000
124 126 0.6846 700.0000
124 141 0.7791 700.0000
124 142 0.5804 700.0000
124 143 0.5366 700.0000
124 144 0.6604 700.0000
124 145 0.8623 700.0000
124 207 0.8584 700.0000
124 218 0.7500 700.0000
124 219 0.6973 700.0000
125 127 0.6330 700.0000
125 128 0.6783 700.0000
125 140 0.7051 700.0000
125 141 0.5881 700.0000
125 142 0.5259 700.0000
125 143 0.7847 700.0000
125 154 0.8600 700.0000
125 206 0.7610 700.0000
125 207 0.5586 700.0000
125 218 0.5019 700.0000
125 219 0.5340 700.0000
125 220 0.4303 700.0000
125 221 0.5902 700.0000
126 128 0.6329 700.0000
126 129 0.8427 700.0000
126 139 0.8737 700.0000
126 140 0.6445 700.0000
126 141 0.4146 700.0000
126 142 0.7130 700.0000
126 143 0.7162 700.0000
126 219 0.8621 700.0000
126 220 0.7579 700.0000
126 221 0.7178 700.0000
127 129 0.5146 700.0000
127 130 0.6156 700.0000
127 139 0.8265 700.0000
127 140 0.6326 700.0000
127 141 0.6456 700.0000
127 220 0.7053 700.0000
127 221 0.5388 700.0000
127 222 0.8879 700.0000
128 130 0.7678 700.0000
128 219 0.6925 700.0000
128 220 0.5240 700.0000
128 221 0.5252 700.0000
128 222 0.7010 700.0000
129 131 0.7199 700.0000
129 220 0.8013 700.0000
129 221 0.5887 700.0000
129 222 0.5022 700.0000
129 223 0.6944 700.0000
129 224 0.6251 700.0000
130 132 0.6114 700.0000
130 138 0.7389 700.0000
130 139 0.8365 700.0000
130 140 0.8094 700.0000
130 221 0.6668 700.0000
130 222 0.6416 700.0000
130 223 0.4857 700.0000
130 224 0.5517 700.0000
130 225 0.8768 700.0000
131 133 0.7068 700.0000
131 136 0.8377 700.0000
131 222 0.8548 700.0000
131 223 0.6856 700.0000
131 224 0.4794 700.0000
131 225 0.6633 700.0000
131 226 0.5006 700.0000
132 134 0.7012 700.0000
132 135 0.7804 700.0000
132 136 0.5122 700.0000
132 138 0.7476 700.0000
132 197 0.6332 700.0000
132 223 0.6803 700.0000
132 224 0.6661 700.0000
132 225 0.5059 700.0000
132 226 0.3836 700.0000
133 135 0.5250 700.0000
133 136 0.3829 700.0000
133 138 0.8855 700.0000
133 196 0.8776 700.0000
133 197 0.5999 700.0000
133 198 0.8611 700.0000
133 225 0.6357 700.0000
133 226 0.4071 700.0000
134 136 0.6033 700.0000
134 196 0.7135 700.0000
134 197 0.5217 700.0000
134 198 0.5531 700.0000
134 199 0.6608 700.0000
134 225 0.7134 700.0000
134 226 0.7201 700.0000
135 137 0.8168 700.0000
135 138 0.8225 700.0000
135 194 0.8504 700.0000
135 195 0.7206 700.0000
135 196 0.4347 700.0000
135 197 0.4960 700.0000
135 198 0.6686 700.0000
136 138 0.6009 700.0000
136 194 0.8023 700.0000
136 195 0.8242 700.0000
136 196 0.6648 700.0000
136 197 0.5271 700.0000
136 198 0.8755 700.0000
136 226 0.7376 700.0000
137 139 0.5914 700.0000
137 193 0.5895 700.0000
137 194 0.6032 700.0000
137 195 0.5154 700.0000
137 196 0.7488 700.0000
137 197 0.8844 700.0000
138 140 0.6741 700.0000
138 192 0.7527 700.0000
138 193 0.5948 700.0000
138 194 0.4054 700.0000
138 195 0.6981 700.0000
138 196 0.7759 700.0000
138 197 0.6348 700.0000
138 223 0.8363 700.0000
139 141 0.6835 700.0000
139 191 0.6804 700.0000
139 192 0.6242 700.0000
139 193 0.5604 700.0000
139 194 0.6795 700.0000
140 142 0.7717 700.0000
140 154 0.7215 700.0000
140 191 0.5990 700.0000
140 192 0.4452 700.0000
140 193 0.7006 700.0000
140 194 0.8029 700.0000
140 205 0.7078 700.0000
140 207 0.8880 700.0000
140 220 0.8675 700.0000
140 221 0.6171 700.0000
141 143 0.5505 700.0000
141 154 0.8805 700.0000
141 189 0.8142 700.0000
141 190 0.8288 700.0000
141 191 0.5482 700.0000
141 192 0.7511 700.0000
141 207 0.8688 700.0000
141 221 0.8558 700.0000
142 144 0.6895 700.0000
142 152 0.7345 700.0000
142 154 0.7242 700.0000
142 188 0.8002 700.0000
142 189 0.6643 700.0000
142 190 0.5445 700.0000
142 191 0.6847 700.0000
142 192 0.8898 700.0000
142 207 0.5364 700.0000
142 218 0.7549 700.0000
143 188 0.6314 700.0000
143 189 0.4625 700.0000
143 190 0.6926 700.0000
143 191 0.8344 700.0000
144 146 0.6332 700.0000
144 148 0.6850 175.0000
144 187 0.7127 700.0000
144 188 0.4217 700.0000
144 189 0.6551 700.0000
144 190 0.7553 700.0000
144 209 0.8917 700.0000
145 147 0.8304 175.0000
145 148 0.8757 700.0000
145 188 0.7063 700.0000
146 148 0.6713 175.0000
146 187 0.8744 700.0000
146 188 0.7977 700.0000
146 212 0.7189 700.0000
147 187 0.4303 175.0000
147 188 0.6113 175.0000
148 151 0.6182 350.0000
148 152 0.6673 700.0000
148 186 0.8049 700.0000
148 187 0.5230 350.0000
148 188 0.6747 700.0000
148 190 0.7103 700.0000
148 209 0.6069 175.0000
148 211 0.6236 175.0000
148 212 0.7134 700.0000
150 152 0.5766 350.0000
150 169 0.4062 175.0000
150 170 0.5374 175.0000
150 187 0.6460 175.0000
151 210 0.4731 350.0000
151 211 0.4652 350.0000
152 154 0.6065 700.0000
152 167 0.7683 700.0000
152 170 0.4979 350.0000
152 184 0.8749 700.0000
152 185 0.7970 700.0000
152 187 0.8963 700.0000
152 190 0.5512 700.0000
152 207 0.6443 700.0000
152 208 0.5823 700.0000
152 209 0.6787 175.0000
153 155 0.5664 700.0000
153 165 0.7659 700.0000
153 166 0.8453 700.0000
153 167 0.5802 700.0000
153 168 0.6792 700.0000
153 172 0.8637 700.0000
153 207 0.7000 700.0000
153 208 0.4739 350.0000
153 209 0.8043 700.0000
153 210 0.6192 175.0000
154 165 0.8880 700.0000
154 166 0.6867 700.0000
154 167 0.5434 700.0000
154 182 0.8792 700.0000
154 183 0.7834 700.0000
154 184 0.8394 700.0000
154 190 0.8228 700.0000
154 191 0.7257 700.0000
154 192 0.5162 700.0000
154 205 0.7546 700.0000
154 206 0.7955 700.0000
154 207 0.5116 700.0000
154 208 0.7601 700.0000
155 157 0.8630 700.0000
155 163 0.5963 700.0000
155 164 0.6600 700.0000
155 165 0.5027 700.0000
155 166 0.6551 700.0000
155 167 0.7393 700.0000
155 205 0.8699 700.0000
155 206 0.6546 700.0000
155 207 0.7399 700.0000
155 208 0.6394 700.0000
155 217 0.8068 700.0000
156 158 0.5441 700.0000
156 162 0.8553 700.0000
156 163 0.6803 700.0000
156 164 0.5473 700.0000
156 165 0.7502 700.0000
156 166 0.6198 700.0000
156 181 0.8556 700.0000
156 201 0.7420 700.0000
156 203 0.6068 700.0000
156 204 0.6788 700.0000
156 205 0.5202 700.0000
156 206 0.8108 700.0000
157 159 0.6710 700.0000
157 160 0.7415 700.0000
157 161 0.6813 700.0000
157 162 0.5648 700.0000
157 163 0.5209 700.0000
157 203 0.6535 700.0000
157 204 0.4713 700.0000
157 205 0.7546 700.0000
157 206 0.6249 700.0000
158 160 0.7226 700.0000
158 161 0.6145 700.0000
158 162 0.7455 700.0000
158 163 0.8028 700.0000
158 164 0.8806 700.0000
158 201 0.8520 700.0000
158 202 0.6564 700.0000
158 203 0.5587 700.0000
158 204 0.7165 700.0000
158 205 0.8536 700.0000
159 161 0.5535 700.0000
159 162 0.8694 700.0000
159 202 0.7457 700.0000
159 203 0.7874 700.0000
159 204 0.8646 700.0000
160 162 0.6644 700.0000
161 163 0.7484 700.0000
162 164 0.7922 700.0000
163 165 0.7507 700.0000
163 206 0.7891 700.0000
164 166 0.5561 700.0000
164 174 0.7837 700.0000
164 176 0.7779 700.0000
164 177 0.7610 700.0000
165 167 0.6302 700.0000
165 168 0.7827 700.0000
165 173 0.8533 700.0000
165 174 0.5797 700.0000
165 175 0.8828 700.0000
165 176 0.8443 700.0000
165 177 0.7592 700.0000
166 168 0.8655 700.0000
166 172 0.8879 700.0000
166 173 0.6802 700.0000
166 174 0.5939 700.0000
166 176 0.8253 700.0000
166 177 0.5700 700.0000
166 178 0.7839 700.0000
166 181 0.5723 700.0000
166 182 0.8458 700.0000
166 192 0.8168 700.0000
166 205 0.8264 700.0000
167 172 0.5328 700.0000
167 173 0.5884 700.0000
167 174 0.6330 700.0000
167 177 0.8312 700.0000
167 181 0.7819 700.0000
167 182 0.7257 700.0000
167 183 0.6299 700.0000
167 184 0.8855 700.0000
167 192 0.7516 700.0000
168 171 0.6662 350.0000
168 172 0.3478 700.0000
168 173 0.6617 700.0000
168 174 0.6158 700.0000
169 171 0.6365 350.0000
169 172 0.6811 175.0000
170 184 0.5609 175.0000
170 185 0.5333 175.0000
170 190 0.6220 175.0000
171 173 0.7503 175.0000
171 183 0.4432 350.0000
172 174 0.6530 700.0000
172 182 0.8972 700.0000
172 183 0.7061 700.0000
173 175 0.7847 700.0000
173 176 0.7780 700.0000
173 177 0.5429 700.0000
173 178 0.7826 700.0000
173 179 0.7093 700.0000
173 181 0.7736 700.0000
173 182 0.7743 700.0000
173 183 0.8106 700.0000
174 176 0.5777 700.0000
174 177 0.4754 700.0000
174 178 0.8346 700.0000
175 177 0.6847 700.0000
176 178 0.5981 700.0000
177 179 0.6489 700.0000
177 180 0.7790 700.0000
177 181 0.6134 700.0000
178 180 0.4584 700.0000
178 181 0.5126 700.0000
179 181 0.6153 700.0000
179 182 0.7603 700.0000
179 195 0.8263 700.0000
180 182 0.8469 700.0000
180 193 0.8634 700.0000
180 194 0.5776 700.0000
180 195 0.6004 700.0000
180 196 0.5611 700.0000
180 197 0.7155 700.0000
180 198 0.6425 700.0000
180 200 0.8071 700.0000
180 201 0.6846 700.0000
181 183 0.8619 700.0000
181 192 0.7035 700.0000
181 193 0.6575 700.0000
181 194 0.5387 700.0000
181 195 0.7622 700.0000
181 196 0.8816 700.0000
181 201 0.7700 700.0000
181 205 0.8970 700.0000
182 184 0.6698 700.0000
182 191 0.7631 700.0000
182 192 0.5502 700.0000
182 193 0.3935 700.0000
182 194 0.6863 700.0000
182 195 0.7779 700.0000
183 185 0.6972 700.0000
183 190 0.8867 700.0000
183 191 0.6278 700.0000
183 192 0.6220 700.0000
183 193 0.6426 700.0000
184 186 0.7675 700.0000
184 189 0.8550 700.0000
184 190 0.6100 700.0000
184 191 0.4023 700.0000
184 192 0.6893 700.0000
184 193 0.7572 700.0000
185 187 0.6806 700.0000
185 188 0.8589 700.0000
185 189 0.6771 700.0000
185 190 0.4499 700.0000
185 191 0.6842 700.0000
186 188 0.6254 700.0000
186 189 0.5749 700.0000
186 190 0.5296 700.0000
187 189 0.5751 700.0000
187 190 0.5747 700.0000
188 190 0.5944 700.0000
189 191 0.7772 700.0000
190 207 0.8655 700.0000
191 193 0.6513 700.0000
192 194 0.6484 700.0000
192 205 0.7543 700.0000
193 195 0.6256 700.0000
194 196 0.5950 700.0000
194 197 0.5799 700.0000
194 198 0.8470 700.0000
194 201 0.7249 700.0000
194 205 0.8883 700.0000
195 197 0.7342 700.0000
195 198 0.8898 700.0000
196 198 0.5408 700.0000
196 201 0.8564 700.0000
197 199 0.6695 700.0000
197 200 0.7899 700.0000
197 201 0.5431 700.0000
197 223 0.8239 700.0000
197 225 0.7324 700.0000
197 226 0.8953 700.0000
198 200 0.5298 700.0000
198 201 0.5606 700.0000
198 225 0.8859 700.0000
199 201 0.5842 700.0000
199 202 0.7688 700.0000
199 225 0.6551 700.0000
200 202 0.8089 700.0000
201 203 0.6584 700.0000
201 205 0.7666 700.0000
201 223 0.7060 700.0000
201 225 0.8143 700.0000
202 204 0.7712 700.0000
202 205 0.8781 700.0000
202 222 0.7193 700.0000
202 223 0.5655 700.0000
202 224 0.6997 700.0000
202 225 0.6402 700.0000
203 205 0.4841 700.0000
203 206 0.8762 700.0000
203 221 0.7430 700.0000
203 222 0.5916 700.0000
203 223 0.4669 700.0000
203 224 0.8000 700.0000
204 206 0.5293 700.0000
204 220 0.6617 700.0000
204 221 0.5642 700.0000
204 222 0.5746 700.0000
204 223 0.6880 700.0000
205 220 0.7744 700.0000
205 221 0.5289 700.0000
205 222 0.7970 700.0000
205 223 0.6274 700.0000
206 208 0.8375 175.0000
206 217 0.6409 700.0000
206 218 0.5637 700.0000
206 219 0.8265 700.0000
206 220 0.5302 700.0000
206 221 0.6734 700.0000
207 209 0.8127 175.0000
207 216 0.7658 700.0000
207 217 0.5949 700.0000
207 218 0.4305 700.0000
207 219 0.8451 700.0000
207 220 0.7254 700.0000
207 221 0.8817 700.0000
208 210 0.5740 175.0000
208 216 0.5792 700.0000
208 217 0.4898 175.0000
208 218 0.7213 700.0000
209 211 0.5574 700.0000
209 212 0.6192 700.0000
209 213 0.8044 700.0000
209 214 0.7130 700.0000
209 216 0.4213 350.0000
209 217 0.7653 700.0000
211 213 0.7031 175.0000
211 214 0.8772 700.0000
212 214 0.6590 700.0000
212 216 0.8702 700.0000
213 215 0.6532 175.0000
213 216 0.8770 700.0000
214 216 0.6046 175.0000
215 217 0.8003 350.0000
216 218 0.6819 175.0000
217 219 0.8567 700.0000
217 220 0.8994 700.0000
218 220 0.5296 700.0000
218 221 0.8562 700.0000
219 221 0.8307 700.0000
220 222 0.7937 700.0000
221 223 0.6507 700.0000
222 224 0.4730 700.0000
223 225 0.6540 700.0000
224 226 0.7651 700.0000
225 227 0.7599 700.0000
226 228 0.8588 700.0000
227 229 0.5420 700.0000
