i j d[nm] fc
1 3 0.5285 700.0000
1 25 0.6992 700.0000
1 26 0.6353 700.0000
2 4 0.6690 700.0000
2 24 0.8244 700.0000
2 25 0.5764 700.0000
2 26 0.5262 700.0000
3 5 0.6721 700.0000
3 23 0.7381 700.0000
3 24 0.6347 700.0000
3 25 0.3692 700.0000
3 26 0.6262 700.0000
3 114 0.8876 700.0000
4 6 0.6355 700.0000
4 22 0.5962 700.0000
4 23 0.5777 700.0000
4 24 0.5985 700.0000
4 25 0.6868 700.0000
4 34 0.8821 700.0000
4 96 0.5151 700.0000
4 113 0.8211 700.0000
4 114 0.5015 700.0000
4 115 0.7322 700.0000
4 116 0.8881 700.0000
5 7 0.6837 700.0000
5 21 0.7832 700.0000
5 22 0.5302 700.0000
5 23 0.4093 700.0000
5 24 0.6906 700.0000
5 25 0.8109 700.0000
5 96 0.7501 700.0000
5 114 0.7123 700.0000
5 115 0.6080 700.0000
5 116 0.7616 700.0000
6 8 0.8385 700.0000
6 20 0.7960 700.0000
6 21 0.6886 700.0000
6 22 0.5460 700.0000
6 23 0.6928 700.0000
6 36 0.8418 700.0000
6 93 0.8669 700.0000
6 94 0.8987 700.0000
6 95 0.7197 700.0000
6 96 0.5603 700.0000
6 114 0.5768 700.0000
6 115 0.4410 700.0000
6 116 0.4002 700.0000
6 117 0.5336 700.0000
7 9 0.6414 700.0000
7 19 0.8076 700.0000
7 20 0.5618 700.0000
7 21 0.3843 700.0000
7 22 0.6737 700.0000
7 23 0.7989 700.0000
7 115 0.8905 700.0000
7 116 0.7819 700.0000
7 117 0.6213 700.0000
8 10 0.6360 700.0000
8 18 0.6395 700.0000
8 19 0.6889 700.0000
8 20 0.4914 700.0000
8 21 0.6229 700.0000
8 117 0.6105 700.0000
8 118 0.7599 700.0000
8 119 0.7913 700.0000
9 11 0.8347 700.0000
9 12 0.8862 700.0000
9 18 0.7072 700.0000
9 20 0.6912 700.0000
9 21 0.8996 700.0000
9 94 0.8749 700.0000
9 116 0.8984 700.0000
9 117 0.5425 700.0000
9 118 0.5166 700.0000
9 119 0.5886 700.0000
9 120 0.8088 700.0000
10 12 0.5379 700.0000
10 13 0.8645 700.0000
10 18 0.6729 700.0000
10 118 0.7252 700.0000
10 119 0.6292 700.0000
10 120 0.6174 700.0000
10 121 0.8734 700.0000
11 13 0.6014 700.0000
11 119 0.7670 700.0000
11 120 0.4644 700.0000
11 121 0.6698 700.0000
11 122 0.5984 700.0000
11 123 0.8461 700.0000
11 124 0.6830 700.0000
11 125 0.8379 700.0000
12 14 0.6355 700.0000
12 15 0.7736 700.0000
12 16 0.6187 700.0000
12 17 0.7069 700.0000
12 18 0.6968 700.0000
12 83 0.8979 700.0000
12 86 0.6228 700.0000
12 119 0.7148 700.0000
12 120 0.5661 700.0000
12 121 0.4900 700.0000
12 122 0.6299 700.0000
12 123 0.8776 700.0000
12 124 0.8971 700.0000
13 15 0.7115 700.0000
13 16 0.6831 700.0000
13 17 0.8916 700.0000
13 86 0.8064 700.0000
13 120 0.8312 700.0000
13 121 0.6405 700.0000
13 122 0.5197 700.0000
13 123 0.5819 700.0000
13 124 0.6897 700.0000
14 16 0.5954 700.0000
14 85 0.8126 700.0000
14 86 0.6131 700.0000
14 87 0.7559 700.0000
14 88 0.7606 700.0000
14 121 0.5905 700.0000
14 122 0.6126 700.0000
14 123 0.6639 700.0000
15 17 0.6454 700.0000
15 84 0.6850 700.0000
15 85 0.4592 700.0000
15 86 0.4934 700.0000
15 87 0.8043 700.0000
15 121 0.8693 700.0000
16 18 0.7359 700.0000
16 83 0.7717 700.0000
16 84 0.5606 700.0000
16 85 0.5053 700.0000
16 86 0.4220 700.0000
16 121 0.8421 700.0000
17 19 0.8664 700.0000
17 82 0.7123 700.0000
17 83 0.6018 700.0000
17 84 0.5328 700.0000
17 85 0.6984 700.0000
17 86 0.6152 700.0000
18 20 0.6092 700.0000
18 81 0.7599 700.0000
18 82 0.6229 700.0000
18 83 0.4290 700.0000
18 84 0.7779 700.0000
18 86 0.7580 700.0000
18 119 0.7849 700.0000
19 21 0.5930 700.0000
19 69 0.8961 700.0000
19 71 0.8676 700.0000
19 80 0.6012 700.0000
19 81 0.5994 700.0000
19 82 0.4757 700.0000
19 83 0.6854 700.0000
20 22 0.7835 700.0000
20 36 0.7008 700.0000
20 79 0.8074 700.0000
20 80 0.7095 700.0000
20 81 0.4429 700.0000
20 82 0.7099 700.0000
20 83 0.6330 700.0000
20 94 0.7194 700.0000
20 117 0.6944 700.0000
20 119 0.8616 700.0000
21 23 0.6981 700.0000
21 36 0.8642 700.0000
21 78 0.6877 700.0000
21 79 0.6289 700.0000
21 80 0.5304 700.0000
21 81 0.7490 700.0000
21 96 0.8831 700.0000
21 117 0.8633 700.0000
22 24 0.6220 700.0000
22 34 0.8196 700.0000
22 36 0.7392 700.0000
22 77 0.8366 700.0000
22 78 0.5582 700.0000
22 79 0.4278 700.0000
22 80 0.7009 700.0000
22 96 0.5222 700.0000
22 114 0.8814 700.0000
23 25 0.6723 700.0000
23 77 0.6512 700.0000
23 78 0.5636 700.0000
23 79 0.7034 700.0000
23 96 0.7859 700.0000
24 26 0.7093 700.0000
24 77 0.4332 700.0000
24 78 0.6450 700.0000
24 79 0.8176 700.0000
25 77 0.7267 700.0000
34 36 0.7676 700.0000
34 49 0.8668 700.0000
34 50 0.7040 700.0000
34 70 0.8983 700.0000
34 72 0.6885 700.0000
34 79 0.6213 700.0000
34 96 0.6859 700.0000
35 37 0.6453 700.0000
35 47 0.7285 700.0000
35 48 0.7504 700.0000
35 49 0.5075 700.0000
35 50 0.5202 700.0000
35 70 0.8324 700.0000
35 79 0.7980 700.0000
35 96 0.6033 700.0000
35 113 0.8496 700.0000
36 38 0.8929 700.0000
36 47 0.8843 700.0000
36 48 0.6208 700.0000
36 49 0.5746 700.0000
36 50 0.8321 700.0000
36 70 0.7161 700.0000
36 71 0.8998 700.0000
36 79 0.6385 700.0000
36 80 0.8978 700.0000
36 81 0.5541 700.0000
36 94 0.6684 700.0000
36 95 0.7938 700.0000
36 96 0.5039 700.0000
37 39 0.7788 700.0000
37 45 0.6560 700.0000
37 46 0.6549 700.0000
37 47 0.6613 700.0000
37 48 0.5914 700.0000
37 49 0.7321 700.0000
37 93 0.8573 700.0000
37 94 0.6743 700.0000
37 95 0.5357 700.0000
37 96 0.7309 700.0000
37 113 0.6938 700.0000
37 175 0.8977 700.0000
37 230 0.8271 700.0000
38 40 0.6077 700.0000
38 44 0.8894 700.0000
38 45 0.7594 700.0000
38 46 0.3818 700.0000
38 47 0.8352 700.0000
38 48 0.5787 700.0000
38 63 0.8341 700.0000
38 64 0.8834 700.0000
38 90 0.6692 700.0000
38 91 0.7935 700.0000
38 92 0.5820 700.0000
38 93 0.8109 700.0000
38 94 0.5180 700.0000
38 95 0.8568 700.0000
38 119 0.8947 700.0000
39 41 0.6846 700.0000
39 42 0.7146 700.0000
39 43 0.4938 700.0000
39 44 0.7336 700.0000
39 45 0.5766 700.0000
39 46 0.8304 700.0000
39 92 0.6431 700.0000
39 93 0.5526 700.0000
39 94 0.8120 700.0000
39 95 0.6587 700.0000
39 169 0.8143 700.0000
40 42 0.4485 700.0000
40 43 0.6237 700.0000
40 44 0.6403 700.0000
40 45 0.7465 700.0000
40 46 0.7218 700.0000
40 91 0.6807 700.0000
40 92 0.5784 700.0000
40 93 0.8097 700.0000
40 94 0.8929 700.0000
41 43 0.6415 700.0000
41 91 0.6999 700.0000
41 92 0.7294 700.0000
42 44 0.5277 700.0000
42 45 0.8516 700.0000
42 232 0.7950 700.0000
43 45 0.7399 700.0000
43 169 0.7345 700.0000
43 216 0.7279 700.0000
43 218 0.7815 700.0000
43 232 0.7845 700.0000
43 233 0.8512 700.0000
44 46 0.6906 700.0000
44 218 0.7537 700.0000
44 230 0.6940 700.0000
44 231 0.5398 700.0000
44 232 0.4737 700.0000
44 233 0.7384 700.0000
45 95 0.8668 700.0000
45 167 0.8892 700.0000
45 169 0.8935 700.0000
45 175 0.8348 700.0000
45 218 0.5916 700.0000
45 220 0.8976 700.0000
45 230 0.4522 700.0000
45 231 0.6207 700.0000
45 232 0.7108 700.0000
45 233 0.8754 700.0000
46 48 0.5984 700.0000
46 61 0.7851 700.0000
46 63 0.7226 700.0000
46 64 0.8875 700.0000
46 94 0.8772 700.0000
46 230 0.7691 700.0000
47 49 0.4659 700.0000
47 50 0.6797 700.0000
47 59 0.8435 700.0000
47 60 0.7758 700.0000
47 61 0.5711 700.0000
47 64 0.8606 700.0000
47 230 0.8255 700.0000
48 50 0.7973 700.0000
48 60 0.6992 700.0000
48 61 0.6003 700.0000
48 63 0.7668 700.0000
48 64 0.5995 700.0000
48 68 0.7194 700.0000
48 70 0.8514 700.0000
48 81 0.8014 700.0000
48 94 0.7611 700.0000
49 59 0.7104 700.0000
49 60 0.5746 700.0000
49 61 0.7237 700.0000
49 64 0.8096 700.0000
49 68 0.8808 700.0000
49 70 0.6043 700.0000
49 81 0.8148 700.0000
50 59 0.4428 700.0000
50 60 0.7135 700.0000
50 70 0.6778 700.0000
59 70 0.8904 700.0000
60 62 0.8661 700.0000
60 64 0.5861 700.0000
60 65 0.6033 700.0000
60 66 0.7657 700.0000
60 68 0.7564 700.0000
60 69 0.7268 700.0000
60 70 0.6802 700.0000
61 63 0.4909 700.0000
61 64 0.4688 700.0000
61 65 0.5494 700.0000
61 68 0.8802 700.0000
62 64 0.6813 700.0000
62 65 0.4569 700.0000
63 65 0.6501 700.0000
63 67 0.7194 700.0000
63 68 0.8276 700.0000
63 87 0.8905 700.0000
63 89 0.8561 700.0000
63 90 0.8282 700.0000
64 66 0.6293 700.0000
64 67 0.4908 700.0000
64 68 0.4530 700.0000
64 69 0.8683 700.0000
64 84 0.8929 700.0000
64 90 0.8557 700.0000
65 67 0.7347 700.0000
65 68 0.8481 700.0000
66 68 0.6385 700.0000
66 69 0.7592 700.0000
66 84 0.7254 700.0000
66 85 0.8227 700.0000
67 69 0.8956 700.0000
67 83 0.7419 700.0000
67 84 0.4852 700.0000
67 85 0.4792 700.0000
67 86 0.6734 700.0000
67 87 0.7382 700.0000
67 90 0.7763 700.0000
68 70 0.8331 700.0000
68 81 0.6178 700.0000
68 82 0.6555 700.0000
68 83 0.4822 700.0000
68 84 0.5528 700.0000
68 85 0.7636 700.0000
68 86 0.7897 700.0000
68 90 0.8065 700.0000
69 71 0.6269 700.0000
69 80 0.8965 700.0000
69 81 0.5968 700.0000
69 82 0.5099 700.0000
69 83 0.7734 700.0000
69 84 0.8313 700.0000
70 72 0.7791 700.0000
70 79 0.7240 700.0000
70 80 0.7609 700.0000
70 81 0.5956 700.0000
70 82 0.8263 700.0000
71 73 0.8010 700.0000
71 78 0.8066 700.0000
71 79 0.5811 700.0000
71 80 0.4501 700.0000
71 81 0.6946 700.0000
71 82 0.8060 700.0000
72 74 0.5130 700.0000
72 77 0.8394 700.0000
72 78 0.6697 700.0000
72 79 0.5893 700.0000
72 80 0.7413 700.0000
73 75 0.4673 700.0000
73 76 0.3998 700.0000
73 77 0.6720 700.0000
73 78 0.4890 700.0000
73 79 0.8077 700.0000
73 80 0.7062 700.0000
74 76 0.7389 700.0000
74 77 0.6199 700.0000
74 78 0.7309 700.0000
75 77 0.5966 700.0000
75 78 0.7538 700.0000
76 78 0.5320 700.0000
76 80 0.8665 700.0000
77 79 0.8503 700.0000
78 80 0.5309 700.0000
79 81 0.7488 700.0000
79 96 0.6747 700.0000
80 82 0.8019 700.0000
81 83 0.5177 700.0000
81 94 0.7833 700.0000
82 84 0.6516 700.0000
83 85 0.7926 700.0000
83 86 0.6275 700.0000
83 90 0.7924 700.0000
83 94 0.8216 700.0000
83 119 0.8290 700.0000
84 86 0.5509 700.0000
85 87 0.6864 700.0000
85 90 0.8688 700.0000
86 88 0.7683 700.0000
86 89 0.8538 700.0000
86 90 0.5671 700.0000
86 119 0.8765 700.0000
86 121 0.6025 700.0000
87 89 0.3894 700.0000
87 90 0.4722 700.0000
87 91 0.8225 700.0000
87 121 0.6879 700.0000
88 90 0.5745 700.0000
88 91 0.5777 700.0000
88 120 0.8427 700.0000
88 121 0.4884 700.0000
88 122 0.7416 700.0000
89 91 0.6637 700.0000
89 121 0.7743 700.0000
90 92 0.6839 700.0000
90 94 0.7829 700.0000
90 119 0.7124 700.0000
90 120 0.8438 700.0000
90 121 0.6294 700.0000
91 93 0.8832 700.0000
91 94 0.8124 700.0000
91 118 0.8251 700.0000
91 119 0.5491 700.0000
91 120 0.5294 700.0000
91 121 0.5377 700.0000
91 122 0.8737 700.0000
92 94 0.4719 700.0000
92 95 0.8595 700.0000
92 117 0.7563 700.0000
92 118 0.5895 700.0000
92 119 0.4570 700.0000
92 120 0.7025 700.0000
92 121 0.8738 700.0000
93 95 0.5039 700.0000
93 115 0.8144 700.0000
93 116 0.5235 700.0000
93 117 0.5118 700.0000
93 118 0.5196 700.0000
93 119 0.7103 700.0000
94 116 0.7715 700.0000
94 117 0.5777 700.0000
94 118 0.6990 700.0000
94 119 0.5686 700.0000
95 113 0.5819 700.0000
95 114 0.5447 700.0000
95 115 0.6873 700.0000
95 116 0.5116 700.0000
95 117 0.7078 700.0000
95 174 0.6477 700.0000
95 175 0.7039 700.0000
96 113 0.6849 700.0000
96 114 0.5608 700.0000
96 115 0.8054 700.0000
96 116 0.7533 700.0000
96 117 0.8959 700.0000
113 167 0.7362 700.0000
113 174 0.5734 700.0000
113 175 0.4322 700.0000
113 176 0.8307 700.0000
113 177 0.8180 700.0000
114 116 0.5637 700.0000
114 174 0.5699 700.0000
114 175 0.7585 700.0000
115 117 0.6818 700.0000
115 174 0.7633 700.0000
116 118 0.6980 700.0000
116 174 0.8427 700.0000
117 119 0.6547 700.0000
118 120 0.6501 700.0000
119 121 0.6736 700.0000
120 122 0.6170 700.0000
120 124 0.8869 700.0000
121 123 0.7865 700.0000
121 124 0.8670 700.0000
122 124 0.4317 700.0000
123 125 0.8053 700.0000
126 128 0.5603 700.0000
126 151 0.8404 700.0000
126 152 0.8732 700.0000
127 129 0.5950 700.0000
127 150 0.6441 700.0000
127 151 0.5289 700.0000
127 152 0.5208 700.0000
128 130 0.7479 700.0000
128 150 0.7420 700.0000
128 151 0.5322 700.0000
128 152 0.8247 700.0000
129 131 0.7206 700.0000
129 148 0.6558 700.0000
129 149 0.7278 700.0000
129 150 0.5545 700.0000
129 151 0.7204 700.0000
129 219 0.5737 700.0000
129 220 0.7678 700.0000
129 230 0.7100 700.0000
129 231 0.5434 700.0000
129 232 0.8427 700.0000
130 132 0.7117 700.0000
130 147 0.8328 700.0000
130 148 0.5797 700.0000
130 149 0.5083 700.0000
130 150 0.6912 700.0000
130 151 0.8492 700.0000
130 219 0.7632 700.0000
130 231 0.6774 700.0000
130 232 0.7677 700.0000
130 233 0.8252 700.0000
131 133 0.7057 700.0000
131 134 0.7410 700.0000
131 146 0.7619 700.0000
131 147 0.6355 700.0000
131 148 0.5315 700.0000
131 149 0.7859 700.0000
131 166 0.8649 700.0000
131 218 0.7711 700.0000
131 219 0.5605 700.0000
131 231 0.5499 700.0000
131 232 0.5213 700.0000
131 233 0.4175 700.0000
131 234 0.5623 700.0000
132 134 0.6575 700.0000
132 135 0.8519 700.0000
132 146 0.6940 700.0000
132 147 0.3923 700.0000
132 148 0.7222 700.0000
132 149 0.8174 700.0000
132 233 0.7840 700.0000
132 234 0.7010 700.0000
133 135 0.5062 700.0000
133 136 0.5822 700.0000
133 145 0.8994 700.0000
133 146 0.7028 700.0000
133 147 0.6452 700.0000
133 233 0.7869 700.0000
133 234 0.5922 700.0000
133 235 0.8407 700.0000
134 136 0.7236 700.0000
134 232 0.7801 700.0000
134 233 0.6287 700.0000
134 234 0.5768 700.0000
134 235 0.6312 700.0000
135 137 0.7005 700.0000
135 233 0.8619 700.0000
135 234 0.6478 700.0000
135 235 0.4612 700.0000
135 236 0.7269 700.0000
135 237 0.6170 700.0000
136 138 0.5921 700.0000
136 144 0.7565 700.0000
136 145 0.8991 700.0000
136 146 0.7828 700.0000
136 234 0.7052 700.0000
136 235 0.6258 700.0000
136 236 0.5122 700.0000
136 237 0.5457 700.0000
136 238 0.8809 700.0000
137 139 0.7065 700.0000
137 142 0.8540 700.0000
137 235 0.8540 700.0000
137 236 0.6960 700.0000
137 237 0.4849 700.0000
137 238 0.6566 700.0000
137 239 0.5169 700.0000
138 140 0.6753 700.0000
138 141 0.7902 700.0000
138 142 0.4994 700.0000
138 143 0.8702 700.0000
138 144 0.6929 700.0000
138 209 0.6433 700.0000
138 236 0.6722 700.0000
138 237 0.6886 700.0000
138 238 0.5753 700.0000
138 239 0.4730 700.0000
139 141 0.5474 700.0000
139 142 0.3584 700.0000
139 208 0.8639 700.0000
139 209 0.6141 700.0000
139 210 0.8440 700.0000
139 238 0.6122 700.0000
139 239 0.4012 700.0000
140 142 0.5316 700.0000
140 208 0.7160 700.0000
140 209 0.5104 700.0000
140 210 0.5797 700.0000
140 211 0.7218 700.0000
140 238 0.6852 700.0000
140 239 0.6913 700.0000
141 143 0.7914 700.0000
141 206 0.8821 700.0000
141 207 0.7468 700.0000
141 208 0.4273 700.0000
141 209 0.4767 700.0000
141 210 0.6188 700.0000
142 144 0.7540 700.0000
142 207 0.8920 700.0000
142 208 0.6991 700.0000
142 209 0.6052 700.0000
142 239 0.6880 700.0000
143 145 0.5909 700.0000
143 205 0.6623 700.0000
143 206 0.6076 700.0000
143 207 0.5330 700.0000
143 208 0.6844 700.0000
143 209 0.7926 700.0000
144 146 0.6049 700.0000
144 204 0.7187 700.0000
144 205 0.5422 700.0000
144 206 0.4085 700.0000
144 207 0.6922 700.0000
144 208 0.7708 700.0000
144 209 0.6767 700.0000
144 236 0.7968 700.0000
145 147 0.6539 700.0000
145 203 0.6360 700.0000
145 204 0.6387 700.0000
145 205 0.5108 700.0000
145 206 0.7044 700.0000
146 148 0.8007 700.0000
146 166 0.7347 700.0000
146 203 0.6145 700.0000
146 204 0.4158 700.0000
146 205 0.6469 700.0000
146 206 0.7582 700.0000
146 217 0.6474 700.0000
146 233 0.8708 700.0000
146 234 0.5777 700.0000
146 236 0.8272 700.0000
147 149 0.7310 700.0000
147 201 0.8516 700.0000
147 202 0.8018 700.0000
147 203 0.5703 700.0000
147 204 0.7616 700.0000
147 234 0.8154 700.0000
148 150 0.6600 700.0000
148 164 0.7797 700.0000
148 165 0.8989 700.0000
148 166 0.7114 700.0000
148 200 0.7920 700.0000
148 201 0.6654 700.0000
148 202 0.4831 700.0000
148 203 0.6695 700.0000
148 204 0.8611 700.0000
148 219 0.5297 700.0000
148 231 0.8313 700.0000
149 151 0.7613 700.0000
149 199 0.8823 700.0000
149 200 0.5494 700.0000
149 201 0.4874 700.0000
149 202 0.6684 700.0000
150 152 0.5975 700.0000
150 164 0.8989 700.0000
150 199 0.6616 700.0000
150 200 0.4147 700.0000
150 201 0.6506 700.0000
150 202 0.7116 700.0000
151 200 0.7122 700.0000
152 199 0.8119 700.0000
152 200 0.7377 700.0000
164 166 0.6477 700.0000
164 179 0.7456 700.0000
164 180 0.8613 700.0000
164 197 0.8499 700.0000
164 199 0.8544 700.0000
164 202 0.6268 700.0000
164 219 0.6830 700.0000
164 220 0.6011 700.0000
165 167 0.5776 700.0000
165 177 0.7632 700.0000
165 178 0.7995 700.0000
165 179 0.5536 700.0000
165 180 0.7539 700.0000
165 202 0.8921 700.0000
165 219 0.5874 700.0000
165 220 0.4411 700.0000
165 230 0.8591 700.0000
166 177 0.8826 700.0000
166 178 0.6584 700.0000
166 179 0.5400 700.0000
166 195 0.7744 700.0000
166 196 0.8798 700.0000
166 202 0.8101 700.0000
166 203 0.7454 700.0000
166 204 0.5314 700.0000
166 217 0.7040 700.0000
166 218 0.7882 700.0000
166 219 0.5071 700.0000
166 220 0.7852 700.0000
167 169 0.8473 700.0000
167 175 0.5712 700.0000
167 176 0.6605 700.0000
167 177 0.4853 700.0000
167 178 0.6456 700.0000
167 179 0.7453 700.0000
167 217 0.8399 700.0000
167 218 0.6311 700.0000
167 219 0.7461 700.0000
167 220 0.6504 700.0000
167 230 0.7818 700.0000
168 170 0.5138 700.0000
168 173 0.8089 700.0000
168 174 0.8468 700.0000
168 175 0.7116 700.0000
168 176 0.4768 700.0000
168 177 0.8081 700.0000
168 178 0.6247 700.0000
168 193 0.8584 700.0000
168 213 0.7157 700.0000
168 214 0.8829 700.0000
168 215 0.6083 700.0000
168 216 0.6868 700.0000
168 217 0.5197 700.0000
168 218 0.8286 700.0000
169 171 0.6605 700.0000
169 172 0.7306 700.0000
169 173 0.6008 700.0000
169 174 0.5662 700.0000
169 175 0.5091 700.0000
169 176 0.8389 700.0000
169 215 0.6385 700.0000
169 216 0.4726 700.0000
169 217 0.7705 700.0000
169 218 0.6277 700.0000
170 172 0.6833 700.0000
170 173 0.4626 700.0000
170 174 0.7653 700.0000
170 175 0.8524 700.0000
170 176 0.7818 700.0000
170 212 0.8258 700.0000
170 213 0.7597 700.0000
170 214 0.6373 700.0000
170 215 0.5697 700.0000
170 216 0.7628 700.0000
170 217 0.8521 700.0000
171 173 0.5408 700.0000
171 214 0.6544 700.0000
171 215 0.6993 700.0000
171 216 0.8417 700.0000
172 174 0.6841 700.0000
173 175 0.7282 700.0000
173 176 0.8475 700.0000
174 176 0.7369 700.0000
175 177 0.7691 700.0000
175 216 0.8828 700.0000
175 218 0.7421 700.0000
176 178 0.5684 700.0000
176 186 0.8057 700.0000
176 188 0.7486 700.0000
176 189 0.8030 700.0000
177 179 0.6352 700.0000
177 180 0.7536 700.0000
177 186 0.5479 700.0000
177 188 0.8354 700.0000
177 189 0.8477 700.0000
178 180 0.8376 700.0000
178 184 0.8830 700.0000
178 185 0.7116 700.0000
178 186 0.6504 700.0000
178 188 0.7683 700.0000
178 189 0.5809 700.0000
178 190 0.8287 700.0000
178 193 0.6220 700.0000
178 204 0.8211 700.0000
178 217 0.8012 700.0000
179 184 0.5543 700.0000
179 185 0.6731 700.0000
179 186 0.7007 700.0000
179 189 0.8196 700.0000
179 193 0.8181 700.0000
179 194 0.7909 700.0000
179 195 0.6508 700.0000
179 204 0.7785 700.0000
180 184 0.3792 700.0000
180 185 0.7950 700.0000
180 186 0.6011 700.0000
184 186 0.7368 700.0000
184 195 0.7334 700.0000
185 187 0.7165 700.0000
185 188 0.7381 700.0000
185 189 0.4761 700.0000
185 190 0.6717 700.0000
185 191 0.6353 700.0000
185 193 0.7022 700.0000
185 194 0.7354 700.0000
185 195 0.8229 700.0000
186 188 0.5497 700.0000
186 189 0.5973 700.0000
187 189 0.6073 700.0000
188 190 0.6201 700.0000
189 191 0.6749 700.0000
189 192 0.7975 700.0000
189 193 0.5971 700.0000
190 192 0.4855 700.0000
190 193 0.5102 700.0000
191 193 0.6764 700.0000
191 194 0.8361 700.0000
191 207 0.8873 700.0000
192 205 0.8991 700.0000
192 206 0.5823 700.0000
192 207 0.6240 700.0000
192 208 0.5677 700.0000
192 209 0.6797 700.0000
192 210 0.6151 700.0000
192 212 0.8152 700.0000
192 213 0.6809 700.0000
193 195 0.8511 700.0000
193 204 0.7084 700.0000
193 205 0.6736 700.0000
193 206 0.5453 700.0000
193 207 0.7682 700.0000
193 208 0.8822 700.0000
193 213 0.7782 700.0000
193 217 0.8831 700.0000
194 196 0.6527 700.0000
194 203 0.7490 700.0000
194 204 0.5948 700.0000
194 205 0.4358 700.0000
194 206 0.7223 700.0000
194 207 0.7927 700.0000
195 197 0.6887 700.0000
195 202 0.8365 700.0000
195 203 0.5920 700.0000
195 204 0.6056 700.0000
195 205 0.6417 700.0000
196 198 0.7613 700.0000
196 201 0.8713 700.0000
196 202 0.5822 700.0000
196 203 0.3955 700.0000
196 204 0.7043 700.0000
196 205 0.7475 700.0000
197 199 0.6880 700.0000
197 200 0.8502 700.0000
197 201 0.6729 700.0000
197 202 0.4657 700.0000
197 203 0.6600 700.0000
198 200 0.6148 700.0000
198 201 0.5715 700.0000
198 202 0.5681 700.0000
199 201 0.5873 700.0000
199 202 0.6150 700.0000
200 202 0.6083 700.0000
201 203 0.8119 700.0000
202 219 0.8398 700.0000
203 205 0.6154 700.0000
204 206 0.6541 700.0000
204 217 0.7003 700.0000
204 234 0.8853 700.0000
205 207 0.6382 700.0000
206 208 0.5694 700.0000
206 209 0.5667 700.0000
206 210 0.8239 700.0000
206 213 0.7280 700.0000
206 217 0.8803 700.0000
206 236 0.8898 700.0000
207 209 0.6994 700.0000
207 210 0.8817 700.0000
208 210 0.5387 700.0000
208 213 0.8746 700.0000
209 211 0.7193 700.0000
209 212 0.7921 700.0000
209 213 0.5869 700.0000
209 236 0.8175 700.0000
209 238 0.7683 700.0000
210 212 0.5340 700.0000
210 213 0.5790 700.0000
210 238 0.8853 700.0000
211 213 0.6091 700.0000
211 214 0.6765 700.0000
211 238 0.6510 700.0000
212 214 0.7219 700.0000
213 215 0.6447 700.0000
213 217 0.7555 700.0000
213 236 0.6589 700.0000
213 238 0.8348 700.0000
214 216 0.8030 700.0000
214 217 0.8702 700.0000
214 235 0.7755 700.0000
214 236 0.5500 700.0000
214 237 0.6830 700.0000
214 238 0.6299 700.0000
215 217 0.4909 700.0000
215 218 0.8569 700.0000
215 234 0.7341 700.0000
215 235 0.6035 700.0000
215 236 0.4714 700.0000
215 237 0.7796 700.0000
216 218 0.4995 700.0000
216 232 0.8111 700.0000
216 233 0.6259 700.0000
216 234 0.5579 700.0000
216 235 0.5943 700.0000
216 236 0.7182 700.0000
217 233 0.7682 700.0000
217 234 0.5380 700.0000
217 235 0.8233 700.0000
217 236 0.6336 700.0000
218 220 0.8860 700.0000
218 230 0.6767 700.0000
218 231 0.5731 700.0000
218 232 0.5681 700.0000
218 233 0.5004 700.0000
218 234 0.6693 700.0000
219 230 0.6275 700.0000
219 231 0.4871 700.0000
219 232 0.7306 700.0000
219 233 0.6929 700.0000
219 234 0.8492 700.0000
220 230 0.4944 700.0000
220 231 0.7919 700.0000
230 232 0.7786 700.0000
231 233 0.5246 700.0000
231 234 0.8688 700.0000
232 234 0.6786 700.0000
233 235 0.7784 700.0000
234 236 0.6807 700.0000
235 237 0.4925 700.0000
236 238 0.6623 700.0000
237 239 0.7983 700.0000
238 240 0.7823 700.0000
239 241 0.7023 700.0000
240 242 0.4992 700.0000
